0 0.390769 0.297188 0.014825 0.030748
0 0.379143 0.309575 0.014825 0.070282
0 0.356494 0.312504 0.035416 0.087852
0 0.342080 0.319825 0.046123 0.096638
0 0.311195 0.331538 0.048593 0.114208
0 0.226774 0.331538 0.144957 0.199132
0 0.489920 0.308843 0.020590 0.030748
0 0.463152 0.295665 0.031297 0.062961
1 0.518746 0.295665 0.037063 0.077603
1 0.554162 0.316896 0.056830 0.084924
0 0.430207 0.327878 0.065889 0.112744
0 0.090054 0.350573 0.177901 0.386551
4 0.850220 0.397532 0.042004 0.089317
0 0.962924 0.325259 0.070823 0.072280
