0 0.295412 0.762440 0.016795 0.023460
0 0.312807 0.767772 0.010797 0.025592
0 0.325403 0.768838 0.011996 0.023460
1 0.336800 0.760308 0.010797 0.019194
1 0.279217 0.754976 0.015595 0.029858
0 0.261822 0.765639 0.014396 0.021327
0 0.346397 0.770971 0.010797 0.014929
0 0.336200 0.783767 0.011996 0.027725
0 0.351196 0.797630 0.017995 0.034123
0 0.324204 0.793364 0.016795 0.034123
0 0.375189 0.845616 0.061182 0.070379
0 0.278530 0.841350 0.082775 0.142891
0 0.193355 0.829620 0.061182 0.089573
0 0.606632 0.872274 0.100770 0.093839
0 0.501064 0.822156 0.028791 0.036256
1 0.172361 0.790165 0.071979 0.108768
0 0.120177 0.838151 0.041988 0.081043
2 0.422487 0.812559 0.099570 0.123697
1 0.066986 0.603554 0.133973 0.789099
