0 0.230235 0.480937 0.017139 0.028125
0 0.207164 0.480937 0.029004 0.042187
0 0.182774 0.489140 0.019775 0.030469
0 0.155748 0.493828 0.021094 0.039844
0 0.404258 0.448125 0.011865 0.032812
0 0.393711 0.451640 0.011865 0.016406
0 0.414146 0.448125 0.010547 0.032812
0 0.421397 0.449297 0.014502 0.035156
0 0.441172 0.450468 0.032959 0.046875
0 0.383164 0.455156 0.019775 0.032812
0 0.360093 0.457500 0.015820 0.023437
0 0.132676 0.504375 0.040869 0.042187
0 0.279014 0.468047 0.014502 0.021094
0 0.258580 0.470390 0.015820 0.021094
