0 0.534199 0.425625 0.013711 0.016875
0 0.613494 0.430862 0.014241 0.013502
0 0.625361 0.430018 0.013291 0.018565
0 0.630583 0.446052 0.019937 0.040506
0 0.577893 0.435081 0.013291 0.028692
0 0.563178 0.437613 0.018038 0.030380
0 0.547039 0.446896 0.025633 0.045570
0 0.477260 0.430862 0.024684 0.027004
0 0.419349 0.445208 0.026582 0.038819
0 0.447830 0.438457 0.039873 0.042194
0 0.379950 0.448583 0.033228 0.045570
0 0.341975 0.457866 0.065506 0.064135
0 0.655538 0.453164 0.040823 0.059072
0 0.600000 0.461603 0.053165 0.075949
0 0.506487 0.470886 0.080696 0.141772
0 0.891862 0.535503 0.212658 0.172152
0 0.950316 0.670886 0.095886 0.303797
1 0.182441 0.419010 0.094564 0.084057
