0 0.536632 0.516432 0.018521 0.027728
0 0.510799 0.513832 0.019496 0.029461
0 0.489512 0.521565 0.021129 0.031063
0 0.457005 0.528247 0.029604 0.034030
0 0.350443 0.552824 0.026320 0.041592
0 0.324124 0.557157 0.020471 0.043325
0 0.303653 0.565822 0.034118 0.084917
0 0.259786 0.569696 0.078959 0.092665
0 0.529808 0.547625 0.041917 0.062388
1 0.646785 0.539827 0.055564 0.081451
0 0.591708 0.599615 0.111128 0.173299
0 0.411775 0.588130 0.102193 0.121119
0 0.164255 0.569074 0.119901 0.115683
0 0.017758 0.625424 0.033932 0.124807
