4 0.768784 0.533672 0.034277 0.100781
0 0.482041 0.446953 0.009229 0.030469
0 0.458970 0.437578 0.010547 0.035156
0 0.444468 0.442265 0.029004 0.063281
0 0.518955 0.445781 0.009229 0.023437
0 0.524888 0.443437 0.018457 0.046875
0 0.545982 0.450468 0.036914 0.046875
0 0.550596 0.470390 0.022412 0.053906
0 0.369322 0.470390 0.055371 0.105469
0 0.320542 0.469218 0.063281 0.154687
0 0.195298 0.483281 0.237305 0.187500
1 0.377891 0.439922 0.119971 0.105469
1 0.640903 0.468047 0.168750 0.133594
0 0.058758 0.545390 0.117515 0.241406
0 0.495884 0.448125 0.026367 0.051562
