0 0.125566 0.412441 0.011959 0.012756
0 0.142906 0.431575 0.041855 0.034016
0 0.143504 0.446457 0.050226 0.055276
0 0.196122 0.414567 0.014350 0.008504
0 0.221833 0.434764 0.015546 0.031890
0 0.236782 0.437953 0.026309 0.042520
0 0.316307 0.453898 0.058597 0.070157
0 0.280431 0.449646 0.039464 0.057402
0 0.406595 0.457087 0.076535 0.059528
0 0.461604 0.505984 0.090886 0.106299
0 0.371914 0.525118 0.112411 0.161575
0 0.245153 0.442205 0.028701 0.038268
0 0.566841 0.511299 0.176988 0.180709
0 0.077133 0.441142 0.080123 0.061654
0 0.178184 0.493228 0.112411 0.153071
