0 0.481555 0.562356 0.015597 0.025995
0 0.503001 0.567555 0.035093 0.046791
0 0.522010 0.553691 0.022421 0.032927
0 0.538094 0.586618 0.058488 0.095315
0 0.555153 0.604814 0.071161 0.114377
0 0.617541 0.625610 0.131599 0.180231
0 0.390898 0.559756 0.015597 0.031194
0 0.372864 0.560623 0.032169 0.036393
0 0.352880 0.575353 0.038992 0.045058
0 0.264173 0.597882 0.052640 0.093582
0 0.202760 0.609147 0.099430 0.133440
0 0.131599 0.627343 0.085783 0.152503
0 0.809530 0.697168 0.336381 0.288688
0 0.445000 0.551091 0.020471 0.027728
