0 0.079447 0.501701 0.158894 0.178498
0 0.198861 0.463575 0.083833 0.084917
0 0.247601 0.452311 0.033143 0.072786
0 0.275383 0.438447 0.030219 0.051990
0 0.295367 0.437580 0.013647 0.046791
0 0.310476 0.431515 0.022421 0.038126
0 0.327535 0.428049 0.013647 0.038126
0 0.677979 0.539827 0.291468 0.310206
0 0.556615 0.464442 0.095531 0.190629
0 0.505438 0.449711 0.057514 0.143838
0 0.474244 0.458376 0.038018 0.116110
0 0.451336 0.449711 0.033143 0.081451
0 0.430865 0.441913 0.033143 0.058922
0 0.414781 0.438447 0.022421 0.038126
0 0.403570 0.429782 0.017547 0.034660
0 0.391873 0.425449 0.015597 0.022529
