2 0.196661 0.534353 0.201381 0.181492
0 0.502929 0.544298 0.033564 0.057182
0 0.478455 0.528137 0.018180 0.034807
0 0.460275 0.524408 0.012586 0.022376
0 0.469365 0.541811 0.022376 0.037293
0 0.445591 0.555485 0.027970 0.074586
0 0.351893 0.538082 0.011188 0.029834
0 0.339306 0.549270 0.022376 0.037293
0 0.317630 0.552999 0.023774 0.044751
0 0.298051 0.550513 0.012586 0.049724
0 0.395246 0.550513 0.083909 0.159116
0 0.591208 0.545718 0.040556 0.054696
0 0.100341 0.564365 0.029368 0.059669
0 0.056289 0.599171 0.109081 0.094475
