0 0.325816 0.329765 0.026367 0.035156
0 0.310655 0.341484 0.025049 0.039844
0 0.290220 0.347344 0.031641 0.046875
0 0.255284 0.348515 0.051416 0.063281
0 0.222325 0.369609 0.059326 0.053906
0 0.168931 0.387187 0.065918 0.079687
0 0.089830 0.401250 0.102832 0.117187
0 0.600694 0.288750 0.046143 0.042187
0 0.626402 0.313359 0.050098 0.063281
0 0.651450 0.345000 0.063281 0.112500
1 0.799766 0.361406 0.270263 0.281250
2 0.457652 0.268828 0.026367 0.053906
2 0.391075 0.291094 0.114697 0.215625
0 0.899302 0.473906 0.200390 0.360937
0 0.022503 0.434062 0.045005 0.107812
0 0.523570 0.437578 0.221484 0.335156
