0 0.023000 0.645200 0.045999 0.170482
0 0.217521 0.571047 0.056134 0.055441
0 0.419449 0.547484 0.035864 0.044353
0 0.564074 0.567582 0.050677 0.059600
0 0.246368 0.564117 0.034304 0.052669
0 0.271706 0.557880 0.035084 0.045739
0 0.302502 0.555801 0.026508 0.033265
0 0.321604 0.544019 0.019491 0.026335
0 0.331739 0.537782 0.010135 0.022177
0 0.337197 0.537089 0.008576 0.023563
0 0.346163 0.530159 0.006237 0.018018
0 0.534447 0.551642 0.035084 0.055441
0 0.515735 0.552336 0.017932 0.037423
0 0.505600 0.549563 0.014813 0.031879
0 0.495465 0.542633 0.017932 0.026335
0 0.485719 0.536396 0.018711 0.027721
0 0.478702 0.528773 0.020271 0.026335
0 0.470126 0.521843 0.015593 0.023563
0 0.464279 0.514913 0.011695 0.018018
0 0.351620 0.527387 0.007796 0.012474
0 0.421788 0.511447 0.012474 0.022177
0 0.440890 0.514220 0.013254 0.019405
