0 0.480346 0.501394 0.012292 0.021853
0 0.466688 0.497752 0.015024 0.029137
0 0.462625 0.505036 0.009492 0.024281
0 0.450299 0.502608 0.017755 0.033993
0 0.442787 0.506250 0.016389 0.031565
0 0.429812 0.507464 0.028681 0.043705
0 0.411374 0.513535 0.027316 0.046133
0 0.390887 0.518391 0.043705 0.050989
0 0.356060 0.525675 0.045071 0.065558
0 0.283673 0.520819 0.116092 0.133543
0 0.529241 0.459510 0.072387 0.031565
0 0.587970 0.487433 0.028681 0.014568
0 0.643284 0.477721 0.081947 0.024281
0 0.698769 0.477721 0.037218 0.024281
0 0.043364 0.485612 0.083313 0.033993
0 0.043364 0.553598 0.083313 0.131115
0 0.147846 0.553598 0.185747 0.174820
0 0.532314 0.566952 0.132481 0.186961
0 0.959351 0.453033 0.074505 0.091698
