0 0.344584 0.440078 0.010527 0.009982
0 0.343777 0.441890 0.010527 0.008734
0 0.357112 0.453743 0.011931 0.027449
0 0.394660 0.449376 0.015440 0.013725
0 0.407994 0.462477 0.022458 0.027449
0 0.373605 0.463101 0.029477 0.043669
0 0.391151 0.484519 0.047724 0.062384
0 0.445659 0.509473 0.084219 0.132255
0 0.591756 0.612407 0.330560 0.391359
1 0.734577 0.548775 0.113696 0.208364
0 0.804409 0.533179 0.037197 0.054898
0 0.910384 0.584126 0.176158 0.140989
0 0.328103 0.444385 0.007720 0.013725
1 0.320032 0.436751 0.009826 0.021508
0 0.312663 0.442514 0.007720 0.014972
0 0.301785 0.440642 0.014037 0.018715
0 0.296170 0.444385 0.009826 0.018715
0 0.341438 0.461645 0.025968 0.034935
0 0.045487 0.626964 0.090974 0.410490
4 0.871948 0.588410 0.056146 0.099815
