0 0.893036 0.607328 0.210222 0.415927
0 0.071452 0.484274 0.142436 0.347797
0 0.980986 0.388935 0.034322 0.038136
0 0.484175 0.528512 0.296886 0.387458
0 0.154683 0.398088 0.090953 0.071695
0 0.215605 0.355376 0.049767 0.022881
0 0.340880 0.428596 0.087521 0.138814
0 0.501336 0.361478 0.044619 0.022881
0 0.469159 0.363766 0.018019 0.015254
0 0.609450 0.434698 0.075508 0.114407
0 0.786637 0.552156 0.268570 0.315763
0 0.946235 0.400376 0.047193 0.039661
0 0.917490 0.398088 0.034322 0.038136
0 0.869868 0.398088 0.072934 0.041186
0 0.811521 0.388173 0.042044 0.036610
0 0.778057 0.391223 0.060922 0.036610
0 0.681955 0.390461 0.060922 0.035085
0 0.657501 0.382834 0.044619 0.041186
1 0.361902 0.367579 0.059205 0.074746
0 0.230192 0.490376 0.260847 0.265424
1 0.260223 0.340884 0.090953 0.067119
