0 0.347569 0.516093 0.014502 0.023437
0 0.334385 0.523125 0.019775 0.023437
0 0.317906 0.519609 0.013184 0.021094
0 0.304722 0.526640 0.021094 0.025781
0 0.501157 0.509062 0.015820 0.046875
0 0.521592 0.513750 0.035596 0.060937
0 0.279673 0.531328 0.026367 0.035156
0 0.368003 0.512578 0.018457 0.025781
0 0.388438 0.512578 0.019775 0.025781
0 0.410850 0.506718 0.014502 0.018750
0 0.425352 0.507890 0.017139 0.016406
0 0.439854 0.505547 0.014502 0.016406
0 0.565098 0.538359 0.085693 0.091406
0 0.482700 0.505547 0.021094 0.025781
0 0.724619 0.537187 0.175342 0.220312
0 0.050847 0.571171 0.101695 0.105469
0 0.890732 0.684843 0.217529 0.253125
