0 0.400159 0.324069 0.032169 0.045058
0 0.349956 0.336200 0.048740 0.055456
0 0.438664 0.331868 0.029244 0.036393
0 0.300728 0.339666 0.020471 0.048524
0 0.235416 0.362195 0.117952 0.110911
0 0.133549 0.358729 0.077985 0.072786
0 0.040942 0.426316 0.081884 0.207959
0 0.534682 0.325802 0.016572 0.020796
0 0.550279 0.328402 0.012673 0.029461
0 0.561489 0.324936 0.011698 0.032927
0 0.572700 0.327535 0.024370 0.031194
0 0.604868 0.319737 0.043866 0.057189
0 0.616079 0.330135 0.027295 0.067587
0 0.650684 0.330135 0.059463 0.088383
0 0.489354 0.336200 0.062388 0.090116
