0 0.382262 0.489280 0.006864 0.013729
0 0.366388 0.496907 0.030032 0.053390
0 0.356520 0.505297 0.032606 0.051864
0 0.353088 0.517500 0.024025 0.057966
0 0.317479 0.516737 0.066070 0.099153
0 0.413580 0.493093 0.048909 0.073220
0 0.471499 0.489280 0.008581 0.019831
0 0.477934 0.489280 0.009439 0.022881
0 0.486515 0.488517 0.016303 0.027458
0 0.498098 0.493093 0.015445 0.024407
0 0.215156 0.504534 0.030890 0.032034
0 0.270071 0.546483 0.111547 0.128136
0 0.012442 0.511398 0.023167 0.033559
0 0.033893 0.545720 0.067786 0.090000
0 0.131282 0.597585 0.243686 0.230339
0 0.030032 0.665466 0.060064 0.152542
0 0.585048 0.491949 0.033464 0.050339
0 0.522410 0.517881 0.067786 0.083898
0 0.438750 0.545339 0.099534 0.138814
