0 0.124775 0.278145 0.058488 0.039859
0 0.302190 0.269480 0.038992 0.019063
0 0.277820 0.259082 0.033143 0.032927
0 0.328998 0.263415 0.024370 0.017330
0 0.418680 0.251284 0.016572 0.010398
0 0.441588 0.256483 0.023395 0.013864
0 0.701374 0.285944 0.065312 0.065854
0 0.555153 0.272946 0.030219 0.050257
0 0.516161 0.270347 0.026320 0.034660
0 0.528346 0.267747 0.015597 0.029461
0 0.659945 0.266881 0.042892 0.055456
0 0.629726 0.268614 0.025345 0.031194
0 0.483505 0.254750 0.015597 0.010398
0 0.591221 0.257349 0.008773 0.012131
0 0.580985 0.255616 0.009748 0.012131
