0 0.244290 0.509859 0.067341 0.078962
0 0.568302 0.458691 0.025236 0.046903
0 0.584576 0.468680 0.040118 0.050943
0 0.368464 0.478019 0.021492 0.040755
0 0.510310 0.452548 0.015761 0.020377
0 0.655021 0.493302 0.090265 0.127359
0 0.753883 0.471651 0.101728 0.078962
0 0.700154 0.513680 0.123219 0.122264
0 0.079520 0.575661 0.159039 0.165566
0 0.864855 0.583939 0.266838 0.296746
0 0.324526 0.514104 0.095997 0.119717
0 0.399508 0.477170 0.041551 0.056038
0 0.459685 0.465708 0.027223 0.033113
0 0.487624 0.470802 0.034387 0.053491
0 0.524757 0.454033 0.017193 0.025472
0 0.553964 0.453593 0.021795 0.036707
0 0.431798 0.463789 0.022942 0.032628
