0 0.406054 0.592578 0.021094 0.035156
0 0.373095 0.587890 0.023730 0.039844
0 0.357934 0.598437 0.014502 0.028125
0 0.340796 0.597265 0.025049 0.035156
0 0.319043 0.600781 0.031641 0.042187
0 0.288061 0.606218 0.046143 0.050063
0 0.253784 0.616015 0.038232 0.053906
1 0.208960 0.620703 0.072510 0.072656
0 0.143042 0.635937 0.085693 0.065625
0 0.033464 0.659679 0.066928 0.083766
1 0.573321 0.572656 0.034608 0.051562
0 0.607104 0.569140 0.025049 0.044531
0 0.624243 0.572656 0.025049 0.056250
0 0.638823 0.579710 0.024892 0.070267
0 0.669726 0.582031 0.058008 0.079687
0 0.531562 0.571271 0.007722 0.010678
0 0.521266 0.571271 0.007722 0.010678
0 0.513972 0.572034 0.006864 0.012203
0 0.508395 0.572797 0.006006 0.013729
0 0.500673 0.572034 0.007722 0.012203
