0 0.432603 0.374227 0.009278 0.020619
0 0.423905 0.377320 0.012758 0.030928
0 0.390271 0.380412 0.012758 0.028866
0 0.358376 0.377320 0.016237 0.039175
0 0.375193 0.382474 0.028995 0.037113
0 0.408827 0.383505 0.033634 0.059794
0 0.448260 0.378351 0.019716 0.028866
0 0.483634 0.376289 0.013918 0.024742
0 0.565979 0.379382 0.044072 0.055670
0 0.575258 0.388660 0.027835 0.049485
0 0.594394 0.392784 0.038273 0.061856
0 0.629188 0.392784 0.066108 0.086598
0 0.684858 0.405155 0.090464 0.103093
0 0.861147 0.418557 0.215722 0.216495
0 0.952191 0.458763 0.091624 0.197938
0 0.237758 0.408247 0.053351 0.055670
0 0.168170 0.422680 0.074227 0.072165
0 0.102062 0.438144 0.088144 0.086598
0 0.039433 0.457732 0.078866 0.109278
1 0.307925 0.347423 0.110180 0.193814
0 0.498711 0.382474 0.013918 0.018557
