4 0.294858 0.454507 0.016381 0.056163
0 0.057333 0.407496 0.051483 0.068644
0 0.121687 0.416857 0.093606 0.083205
0 0.006435 0.426218 0.012871 0.072804
0 0.017551 0.411657 0.021061 0.031202
2 0.539402 0.382535 0.030422 0.039522
0 0.547593 0.403024 0.011701 0.022881
0 0.557538 0.408224 0.010531 0.020801
0 0.568069 0.409265 0.010531 0.022881
0 0.583280 0.419665 0.015211 0.031202
0 0.599076 0.427986 0.018721 0.056163
0 0.616627 0.425906 0.021061 0.068644
0 0.622477 0.430066 0.014041 0.076965
0 0.657579 0.440466 0.077225 0.106086
0 0.527117 0.427986 0.047973 0.072804
0 0.497280 0.409265 0.011701 0.014561
0 0.486749 0.407184 0.007020 0.022881
0 0.472916 0.408745 0.017551 0.031202
0 0.456535 0.411865 0.026912 0.041602
