0 0.413319 0.706194 0.370427 0.434981
0 0.854419 0.665469 0.289518 0.561489
0 0.660432 0.603081 0.186188 0.201027
0 0.568313 0.560623 0.072136 0.112644
0 0.756451 0.518165 0.124775 0.107445
0 0.152070 0.536361 0.138423 0.071053
0 0.084808 0.540693 0.044841 0.062388
0 0.338258 0.506900 0.111128 0.077985
0 0.259786 0.522497 0.039967 0.043325
0 0.207147 0.513832 0.034118 0.029461
0 0.433789 0.486971 0.052640 0.017330
0 0.488379 0.490437 0.021446 0.020796
0 0.550159 0.512099 0.036309 0.032927
0 0.520303 0.511711 0.021061 0.020801
