0 0.539556 0.408120 0.061413 0.081451
0 0.176440 0.442779 0.111128 0.102247
0 0.365066 0.434981 0.028269 0.031194
0 0.394797 0.434114 0.013647 0.019063
0 0.271971 0.441913 0.013647 0.010398
0 0.409907 0.429782 0.010723 0.020796
0 0.446462 0.433248 0.015597 0.017330
0 0.313401 0.433248 0.010723 0.013864
0 0.291468 0.435847 0.009748 0.012131
0 0.331922 0.434981 0.008773 0.010398
0 0.344595 0.430648 0.010723 0.015597
0 0.421117 0.425449 0.011698 0.015597
0 0.320224 0.428049 0.012673 0.017330
0 0.301703 0.430648 0.008773 0.019063
