0 0.367207 0.443750 0.019336 0.031250
0 0.412031 0.443750 0.028125 0.046875
0 0.515303 0.435156 0.014941 0.026562
0 0.493769 0.433594 0.029883 0.051562
0 0.488935 0.446875 0.027246 0.050000
0 0.529365 0.439062 0.011426 0.046875
0 0.552217 0.439844 0.041309 0.064062
0 0.452900 0.445312 0.051855 0.078125
0 0.613740 0.439062 0.018457 0.028125
0 0.741182 0.423437 0.021973 0.028125
0 0.757002 0.424219 0.018457 0.026562
0 0.772822 0.428906 0.032520 0.048437
0 0.796553 0.428125 0.053613 0.050000
0 0.036738 0.489062 0.072070 0.125000
2 0.183955 0.417187 0.248730 0.234375
0 0.969194 0.438091 0.060094 0.033993
0 0.842176 0.433235 0.024584 0.019424
1 0.418100 0.349467 0.042339 0.031565
0 0.381907 0.356751 0.016389 0.016996
0 0.575166 0.350681 0.023218 0.009712
0 0.628431 0.347039 0.031413 0.016996
1 0.487073 0.354323 0.021853 0.016996
