0 0.484381 0.483673 0.019630 0.022041
0 0.474566 0.491939 0.012398 0.027551
0 0.466818 0.492857 0.019630 0.040408
0 0.458036 0.494694 0.022730 0.036735
0 0.437889 0.502041 0.042360 0.055102
0 0.532940 0.489184 0.017564 0.033061
0 0.553087 0.500204 0.037194 0.047755
0 0.588214 0.503877 0.055791 0.080816
0 0.603195 0.527755 0.036161 0.084490
0 0.670006 0.535408 0.125013 0.157959
0 0.379687 0.508775 0.077487 0.097347
0 0.316148 0.485510 0.072321 0.066122
0 0.267073 0.464388 0.038227 0.027551
0 0.210249 0.456122 0.085753 0.036735
0 0.165823 0.462551 0.106416 0.060612
0 0.157041 0.497449 0.099184 0.097347
0 0.893169 0.627114 0.211798 0.514286
