0 0.278718 0.551593 0.027346 0.041136
0 0.372325 0.545984 0.014725 0.029917
0 0.393361 0.545049 0.014725 0.028047
0 0.407034 0.543179 0.018932 0.024307
0 0.421758 0.541309 0.018932 0.024307
0 0.438587 0.540374 0.018932 0.026177
0 0.471191 0.543179 0.012621 0.020568
0 0.491701 0.540374 0.011569 0.022438
0 0.485916 0.532895 0.023139 0.037396
0 0.499589 0.544114 0.021035 0.029917
0 0.523780 0.537570 0.018932 0.031787
0 0.570057 0.538504 0.016828 0.033657
0 0.610025 0.537570 0.014725 0.013089
0 0.678915 0.541309 0.013673 0.013089
0 0.682071 0.552528 0.015776 0.020568
0 0.696269 0.552528 0.014725 0.028047
0 0.709942 0.555333 0.023139 0.033657
0 0.727296 0.557202 0.028398 0.041136
0 0.748332 0.566552 0.041019 0.044875
0 0.653147 0.562812 0.058899 0.078532
0 0.326258 0.555333 0.090452 0.097230
0 0.235806 0.546919 0.063106 0.061704
1 0.159553 0.538504 0.095711 0.100970
0 0.046804 0.555333 0.093607 0.157064
0 0.452785 0.543646 0.030501 0.035526
