0 0.967009 0.769448 0.062388 0.093582
0 0.237853 0.746919 0.097481 0.086650
0 0.628264 0.736521 0.084808 0.097048
0 0.475219 0.711393 0.020471 0.022529
0 0.298291 0.725257 0.054589 0.077985
0 0.333872 0.720058 0.026320 0.077985
0 0.364091 0.727857 0.022421 0.048524
0 0.385537 0.720058 0.028269 0.039859
0 0.405033 0.720925 0.018521 0.034660
0 0.417218 0.723524 0.013647 0.036393
0 0.581473 0.733056 0.028269 0.072786
0 0.561977 0.734788 0.024370 0.062388
0 0.541993 0.726990 0.021446 0.053723
0 0.529808 0.720925 0.016572 0.041592
0 0.514699 0.715726 0.019496 0.031194
