0 0.167010 0.502543 0.292268 0.276014
0 0.488273 0.522887 0.039433 0.053608
0 0.846534 0.551753 0.124098 0.160825
0 0.692861 0.533196 0.069588 0.086598
0 0.556005 0.507423 0.078866 0.134021
0 0.768711 0.549072 0.064948 0.092784
0 0.742268 0.533608 0.039433 0.078351
0 0.650644 0.530516 0.044072 0.055670
0 0.624549 0.524330 0.028995 0.051546
0 0.606572 0.520206 0.020876 0.043299
0 0.519008 0.504742 0.010438 0.049485
0 0.463338 0.514021 0.017397 0.026804
1 0.278157 0.465292 0.144974 0.181443
2 0.376933 0.482818 0.081186 0.134021
1 0.431443 0.499656 0.025515 0.074227
0 0.447874 0.510653 0.010438 0.032990
