0 0.437413 0.553974 0.007018 0.011229
0 0.442676 0.556469 0.009124 0.016220
0 0.435658 0.565827 0.016142 0.014972
0 0.419867 0.563332 0.008422 0.012477
0 0.408287 0.567699 0.016142 0.016220
0 0.417411 0.579552 0.014738 0.017468
0 0.386881 0.578928 0.029477 0.016220
0 0.451449 0.560836 0.005615 0.012477
0 0.460222 0.562084 0.009124 0.014972
0 0.470749 0.568322 0.011931 0.019963
0 0.350737 0.597643 0.021757 0.036183
0 0.264413 0.605753 0.025968 0.052403
0 0.280906 0.608248 0.030880 0.064880
0 0.232830 0.610744 0.054041 0.062384
0 0.314242 0.610744 0.063866 0.084843
0 0.416007 0.614487 0.037197 0.057394
0 0.378459 0.625716 0.071586 0.092329
0 0.451800 0.613239 0.016142 0.044917
0 0.463380 0.624468 0.029477 0.069871
0 0.512508 0.648798 0.102466 0.178420
