0 0.559852 0.504490 0.015839 0.032851
0 0.549293 0.502144 0.015839 0.037543
0 0.539174 0.501362 0.041356 0.048494
0 0.511456 0.505272 0.021118 0.046929
0 0.493858 0.505272 0.029917 0.034415
0 0.474939 0.506055 0.016719 0.029722
0 0.446342 0.506055 0.049276 0.079780
0 0.581850 0.501362 0.031677 0.035979
0 0.602528 0.496669 0.013199 0.029722
0 0.629366 0.509965 0.042236 0.065701
0 0.652684 0.502144 0.018478 0.025029
0 0.748596 0.563934 0.241099 0.251854
0 0.903903 0.513094 0.178625 0.203360
0 0.379908 0.564716 0.112630 0.153302
