0 0.369322 0.407109 0.013184 0.030469
0 0.360093 0.422343 0.021094 0.065625
0 0.344932 0.423515 0.030322 0.063281
0 0.309996 0.423515 0.055371 0.119531
0 0.232212 0.425859 0.121289 0.166406
0 0.170909 0.471562 0.109424 0.229687
0 0.487974 0.410625 0.010547 0.023437
0 0.508408 0.427031 0.040869 0.056250
0 0.519615 0.444609 0.044824 0.072656
0 0.551255 0.449297 0.047461 0.124219
0 0.588828 0.462187 0.072510 0.145312
0 0.702866 0.479765 0.216211 0.241406
0 0.429307 0.499687 0.159521 0.239062
1 0.082488 0.498515 0.164976 0.663281
0 0.876890 0.565312 0.245215 0.515625
