0 0.307557 0.493285 0.055502 0.082973
0 0.257731 0.496649 0.074424 0.116611
0 0.156817 0.512347 0.150109 0.188372
0 0.558268 0.484545 0.020183 0.042608
0 0.594219 0.483424 0.054241 0.089701
0 0.611878 0.495758 0.064332 0.091943
0 0.635845 0.515941 0.064332 0.100914
0 0.701439 0.518183 0.145063 0.213040
0 0.844636 0.564155 0.306397 0.385714
0 0.945103 0.753488 0.107221 0.296013
0 0.045876 0.506810 0.091752 0.282558
0 0.391671 0.463081 0.081992 0.139036
0 0.537154 0.470182 0.016398 0.022425
0 0.506593 0.465804 0.020097 0.017940
