0 0.917100 0.636254 0.029824 0.018353
0 0.885555 0.634214 0.040148 0.014275
0 0.846554 0.637273 0.040148 0.008157
0 0.863187 0.671941 0.080296 0.044864
0 0.923409 0.665823 0.060796 0.028550
0 0.976749 0.671941 0.045884 0.061178
0 0.960116 0.640332 0.079149 0.034668
0 0.707182 0.661745 0.058502 0.040785
0 0.746757 0.665823 0.059649 0.048943
0 0.636063 0.691314 0.053913 0.071375
0 0.917710 0.725656 0.163376 0.133076
0 0.445154 0.656064 0.012618 0.020393
0 0.460639 0.661162 0.025236 0.038746
0 0.478419 0.665241 0.040148 0.050982
0 0.488170 0.675437 0.034413 0.055060
0 0.518568 0.686653 0.058502 0.077492
0 0.535774 0.709085 0.076855 0.089728
0 0.411888 0.657083 0.014912 0.022432
0 0.394108 0.656064 0.016059 0.024471
0 0.375181 0.659123 0.021795 0.038746
0 0.362563 0.663201 0.021795 0.042825
0 0.301194 0.672378 0.025236 0.061178
0 0.253016 0.691751 0.080296 0.112160
0 0.328724 0.692771 0.080296 0.101964
