0 0.452038 0.497268 0.011959 0.019134
0 0.440677 0.497268 0.010763 0.019134
0 0.392244 0.488764 0.019134 0.014882
0 0.393440 0.505772 0.019134 0.023386
0 0.392842 0.514276 0.013155 0.023386
0 0.371914 0.517465 0.038268 0.046772
0 0.342018 0.505772 0.035876 0.048898
0 0.317503 0.510024 0.017938 0.031890
0 0.301956 0.511087 0.022721 0.029764
0 0.423935 0.512150 0.034680 0.053150
0 0.474161 0.517465 0.032288 0.051024
0 0.523192 0.519591 0.037072 0.051024
0 0.566243 0.518528 0.063381 0.087165
0 0.576408 0.531284 0.043051 0.074409
0 0.628428 0.529158 0.099257 0.112677
0 0.690613 0.511087 0.041855 0.055276
0 0.743231 0.506835 0.060989 0.038268
0 0.780781 0.513213 0.039464 0.038268
0 0.908739 0.523843 0.139916 0.097795
0 0.277321 0.505772 0.025113 0.031890
0 0.231281 0.497268 0.081319 0.057402
0 0.167900 0.503646 0.052618 0.040394
0 0.130349 0.499394 0.016742 0.023386
0 0.115401 0.501520 0.022721 0.031890
0 0.009567 0.510024 0.019134 0.023386
1 0.974796 0.459638 0.047835 0.157323
