0 0.442395 0.510970 0.009471 0.022959
0 0.435077 0.512245 0.012054 0.031633
0 0.424315 0.509694 0.023246 0.036735
0 0.425606 0.518112 0.015497 0.026020
0 0.416996 0.524235 0.018941 0.041327
0 0.398916 0.517602 0.027551 0.062755
0 0.381984 0.512755 0.027551 0.076531
0 0.357876 0.522704 0.049936 0.102551
0 0.304066 0.534949 0.102455 0.148469
0 0.244946 0.576276 0.116231 0.177041
0 0.108052 0.574745 0.216103 0.364796
0 0.460762 0.515817 0.009471 0.015306
0 0.467650 0.517347 0.009471 0.021429
0 0.474107 0.519643 0.010332 0.026020
0 0.484439 0.526531 0.020663 0.024490
0 0.588186 0.555357 0.064573 0.099490
0 0.623486 0.569133 0.068017 0.130102
0 0.657063 0.595408 0.097290 0.145918
0 0.745195 0.621463 0.225235 0.227619
0 0.922242 0.749524 0.152392 0.359116
0 0.510320 0.537823 0.036161 0.042857
