0 0.434559 0.533272 0.006307 0.017940
0 0.424468 0.534393 0.011353 0.024668
0 0.416268 0.548970 0.010091 0.022425
0 0.408700 0.550091 0.012614 0.029153
0 0.399870 0.553455 0.017660 0.040365
0 0.379057 0.552334 0.029013 0.051578
0 0.374642 0.563546 0.017660 0.042608
0 0.361397 0.564667 0.021444 0.062791
0 0.358874 0.574759 0.018921 0.056063
0 0.091453 0.657732 0.182906 0.235465
2 0.282558 0.537757 0.138756 0.224252
1 0.152001 0.503895 0.192997 0.230980
0 0.471771 0.593820 0.095868 0.156977
2 0.514533 0.533272 0.018921 0.022425
0 0.522858 0.555697 0.018921 0.026910
0 0.533580 0.561304 0.012614 0.029153
0 0.539257 0.562425 0.011353 0.031395
0 0.554394 0.569152 0.016398 0.040365
0 0.575207 0.572516 0.030274 0.047093
0 0.603968 0.582608 0.040870 0.071761
0 0.652532 0.585971 0.084515 0.105399
0 0.818157 0.555697 0.113528 0.116611
0 0.958174 0.524302 0.080731 0.035880
0 0.900780 0.658853 0.195520 0.260133
