0 0.067777 0.612912 0.081947 0.092266
0 0.132652 0.609269 0.061460 0.075270
0 0.184551 0.592273 0.050534 0.084982
0 0.301326 0.593487 0.040974 0.043705
0 0.339568 0.586203 0.035510 0.048561
0 0.366201 0.594701 0.023218 0.031565
0 0.390785 0.589845 0.023218 0.031565
0 0.417418 0.591059 0.027316 0.029137
0 0.440636 0.589845 0.019121 0.026709
0 0.477512 0.594701 0.027316 0.021853
0 0.256255 0.593487 0.057363 0.043705
0 0.016560 0.609269 0.031413 0.133543
1 0.509608 0.586203 0.025950 0.029137
0 0.525997 0.594701 0.012292 0.021853
0 0.603847 0.591059 0.015024 0.024281
0 0.592238 0.593487 0.010926 0.029137
0 0.584043 0.592273 0.013658 0.031565
0 0.549216 0.605627 0.039608 0.058273
0 0.773887 0.639620 0.237646 0.262230
0 0.923440 0.650547 0.066923 0.080126
