0 0.120876 0.715726 0.237853 0.322336
0 0.220794 0.622144 0.028269 0.031194
0 0.302190 0.624744 0.033143 0.043325
0 0.410882 0.627343 0.038018 0.055456
0 0.487891 0.631675 0.067262 0.126508
0 0.622902 0.636008 0.087733 0.107445
0 0.778384 0.618678 0.090657 0.097048
0 0.572700 0.622144 0.043866 0.072786
0 0.548329 0.620411 0.024370 0.041592
0 0.547355 0.610013 0.016572 0.041592
0 0.539556 0.606547 0.016572 0.038126
0 0.532732 0.604814 0.016572 0.038126
0 0.522010 0.606547 0.012673 0.034660
0 0.378225 0.596149 0.019496 0.020796
0 0.364578 0.600482 0.007798 0.015597
0 0.358242 0.601348 0.008773 0.013864
0 0.348494 0.601348 0.006824 0.020796
0 0.342645 0.601348 0.012673 0.020796
0 0.331435 0.602215 0.015597 0.019063
0 0.310476 0.602215 0.020471 0.019063
0 0.281232 0.610013 0.026320 0.034660
0 0.257837 0.613479 0.018521 0.027728
0 0.240778 0.611746 0.017547 0.031194
2 0.435252 0.584885 0.039967 0.088383
0 0.619978 0.579686 0.035093 0.025995
0 0.390411 0.611746 0.014622 0.031194
