0 0.760467 0.535376 0.348369 0.340169
1 0.613311 0.397325 0.131282 0.164746
0 0.506055 0.361478 0.074650 0.096102
2 0.494900 0.308088 0.093528 0.138814
0 0.440266 0.320339 0.021794 0.048814
0 0.282556 0.318051 0.043761 0.056441
0 0.237508 0.316525 0.054915 0.083898
0 0.207906 0.331017 0.057489 0.079322
0 0.144238 0.341695 0.110345 0.112881
0 0.434517 0.280678 0.020593 0.033559
0 0.420359 0.251695 0.018019 0.021356
0 0.432372 0.246356 0.016303 0.025932
0 0.443097 0.241780 0.013729 0.022881
0 0.382176 0.237203 0.012013 0.016780
0 0.373595 0.234152 0.008581 0.019831
0 0.365015 0.232627 0.015445 0.022881
1 0.340989 0.303559 0.041186 0.064068
1 0.296800 0.300508 0.050625 0.073220
