0 0.519795 0.232808 0.024139 0.035762
0 0.277398 0.277510 0.179031 0.189536
3 0.028152 0.248866 0.055942 0.157420
1 0.463973 0.210457 0.017099 0.041126
0 0.452406 0.220291 0.018104 0.039338
1 0.425753 0.205093 0.043249 0.119801
0 0.380995 0.222973 0.084487 0.148411
0 0.419215 0.222973 0.024139 0.112649
0 0.366411 0.262311 0.071411 0.141258
0 0.543431 0.232808 0.021122 0.021457
0 0.554997 0.232808 0.022127 0.028609
0 0.569079 0.241748 0.026151 0.032185
0 0.610316 0.249795 0.038220 0.055430
1 0.851676 0.175220 0.295642 0.347627
