0 0.516996 0.553161 0.012895 0.022925
0 0.523444 0.555708 0.017193 0.028019
0 0.530608 0.554434 0.017193 0.025472
0 0.539921 0.556982 0.024357 0.035660
0 0.551383 0.563350 0.021492 0.043302
0 0.494072 0.553161 0.015761 0.022925
0 0.479028 0.553161 0.014328 0.028019
0 0.466849 0.558255 0.018626 0.028019
0 0.425298 0.559529 0.038685 0.061132
0 0.378733 0.568444 0.077370 0.104434
0 0.503385 0.556982 0.011462 0.025472
0 0.281303 0.601557 0.140413 0.150283
0 0.585054 0.559529 0.071639 0.122264
0 0.818597 0.548067 0.074505 0.119717
0 0.714721 0.545095 0.087400 0.096793
4 0.031999 0.651227 0.063043 0.132453
