1 0.531655 0.375355 0.020394 0.046919
1 0.516659 0.358294 0.019194 0.021327
0 0.522057 0.392417 0.022793 0.051185
0 0.263534 0.441469 0.110367 0.170616
1 0.258136 0.355095 0.104369 0.104502
0 0.408091 0.475592 0.245927 0.388151
4 0.558047 0.411611 0.015595 0.051185
1 0.558647 0.366824 0.028791 0.038389
1 0.594036 0.373223 0.053984 0.081043
4 0.095584 0.429739 0.026392 0.057583
4 0.037401 0.439336 0.013196 0.068246
0 0.618629 0.393483 0.023993 0.057583
1 0.709202 0.341232 0.169150 0.290047
1 0.845361 0.347630 0.160752 0.277251
0 0.944332 0.424407 0.020394 0.098104
