0 0.310921 0.546217 0.010991 0.026645
0 0.301429 0.554211 0.023980 0.035526
0 0.269955 0.536447 0.026978 0.035526
0 0.276450 0.565757 0.037969 0.062171
0 0.239480 0.539112 0.035970 0.023092
0 0.236982 0.589737 0.052956 0.085263
0 0.218997 0.617270 0.034971 0.111908
0 0.150054 0.622599 0.120900 0.179408
0 0.069120 0.514243 0.038968 0.023092
0 0.061626 0.502697 0.053956 0.024868
0 0.054294 0.638586 0.108588 0.271776
0 0.416334 0.565757 0.033972 0.044408
0 0.431322 0.584408 0.023980 0.039079
0 0.448308 0.593289 0.035970 0.056842
0 0.486776 0.559539 0.032973 0.024868
0 0.474287 0.613717 0.053956 0.072829
1 0.554721 0.636809 0.130892 0.161645
0 0.850600 0.808224 0.296756 0.316184
2 0.359005 0.547993 0.054955 0.101250
