0 0.076546 0.502749 0.018557 0.035052
0 0.133376 0.501718 0.011598 0.037113
0 0.153673 0.499656 0.033634 0.049485
0 0.009301 0.504833 0.012758 0.041237
1 0.105564 0.486276 0.047552 0.082474
0 0.196608 0.497616 0.034794 0.039175
0 0.051634 0.520296 0.055670 0.068041
0 0.382755 0.491430 0.022036 0.026804
1 0.389714 0.466688 0.010438 0.022680
1 0.410590 0.467719 0.028995 0.065979
0 0.589198 0.484214 0.182088 0.156701
0 0.497575 0.493492 0.168170 0.138144
0 0.962072 0.539884 0.071907 0.185567
0 0.026778 0.513355 0.037969 0.060395
0 0.925538 0.502697 0.148877 0.184737
