0 0.078735 0.332171 0.019984 0.039079
0 0.116704 0.342829 0.011990 0.031974
0 0.328630 0.365921 0.010991 0.021316
0 0.338122 0.361480 0.009992 0.037303
0 0.346115 0.364145 0.011990 0.053289
0 0.415558 0.367697 0.026978 0.053289
0 0.474509 0.377467 0.010991 0.033750
0 0.541454 0.387237 0.022981 0.028421
0 0.561938 0.388125 0.021982 0.033750
0 0.595910 0.396118 0.035970 0.039079
0 0.014788 0.331283 0.027977 0.033750
1 0.046262 0.330395 0.044963 0.049737
1 0.124697 0.328618 0.015987 0.014211
0 0.094722 0.342829 0.027977 0.028421
0 0.223116 0.357039 0.018984 0.024868
0 0.206130 0.361480 0.010991 0.015987
0 0.374492 0.368586 0.063947 0.097697
0 0.446433 0.379243 0.049959 0.072829
0 0.502886 0.383684 0.052956 0.071053
0 0.680740 0.405000 0.072940 0.074605
0 0.750183 0.413882 0.091924 0.092368
0 0.916046 0.420987 0.039967 0.031974
0 0.945522 0.434309 0.078935 0.058618
0 0.845604 0.438750 0.114905 0.110132
0 0.973998 0.459178 0.049959 0.083487
0 0.632779 0.390789 0.038968 0.035526
