0 0.192473 0.452493 0.029449 0.048615
0 0.169860 0.459038 0.038915 0.046745
1 0.237173 0.424446 0.045226 0.071053
0 0.270304 0.436600 0.023139 0.043006
0 0.286080 0.434730 0.027346 0.046745
0 0.317108 0.434730 0.030501 0.065443
0 0.399671 0.426316 0.016828 0.037396
0 0.403878 0.419772 0.008414 0.031787
0 0.410189 0.416967 0.008414 0.014958
0 0.421232 0.420707 0.011569 0.022438
0 0.430698 0.415097 0.013673 0.033657
0 0.451734 0.422576 0.026294 0.037396
0 0.365489 0.476801 0.097814 0.153324
0 0.097361 0.500360 0.148444 0.140609
0 0.805022 0.432860 0.145144 0.099100
0 0.931234 0.376766 0.119901 0.117798
0 0.898359 0.524882 0.201939 0.310388
0 0.568480 0.524793 0.228233 0.299169
0 0.224171 0.450063 0.042071 0.061704
