0 0.440597 0.369196 0.010101 0.014692
0 0.472429 0.376542 0.015610 0.019589
0 0.399429 0.364843 0.012855 0.017956
0 0.417335 0.365659 0.013773 0.016324
0 0.428354 0.371699 0.011937 0.021221
0 0.489544 0.392905 0.036986 0.053838
0 0.266079 0.392197 0.067004 0.055253
0 0.216550 0.390565 0.037033 0.058518
0 0.190073 0.389241 0.029383 0.055871
0 0.157958 0.387609 0.033011 0.059136
0 0.129470 0.383021 0.034893 0.063018
0 0.111106 0.383329 0.042239 0.057106
0 0.070091 0.384035 0.038566 0.071577
0 0.032903 0.388241 0.043157 0.053869
0 0.011854 0.400594 0.023707 0.049193
1 0.582004 0.374093 0.074377 0.125695
0 0.348866 0.362383 0.025313 0.029118
