0 0.188983 0.352041 0.081792 0.055102
0 0.462082 0.359694 0.011193 0.018367
0 0.450029 0.365051 0.018080 0.029082
0 0.516410 0.368112 0.018941 0.029082
0 0.533199 0.373470 0.028412 0.042857
0 0.539656 0.350510 0.022385 0.012245
0 0.560319 0.382653 0.048214 0.064286
0 0.585287 0.369643 0.018941 0.035204
0 0.783913 0.403317 0.061129 0.038265
0 0.483291 0.371429 0.051658 0.079592
0 0.427758 0.365306 0.038744 0.058163
0 0.629627 0.396276 0.104177 0.133163
0 0.682577 0.391684 0.010332 0.029082
0 0.915986 0.449847 0.164445 0.185204
0 0.040078 0.350937 0.050625 0.024375
