0 0.213976 0.501310 0.038027 0.034322
0 0.360235 0.485709 0.014041 0.013521
0 0.442432 0.484669 0.022816 0.036402
0 0.470222 0.483109 0.017551 0.022881
0 0.497426 0.478948 0.016966 0.014561
0 0.498596 0.491429 0.012286 0.020801
0 0.480752 0.487269 0.025742 0.022881
0 0.519657 0.474788 0.011116 0.024961
0 0.532235 0.487789 0.032762 0.044723
0 0.479026 0.547072 0.067864 0.099846
0 0.412625 0.502870 0.052068 0.071764
0 0.365822 0.539792 0.080150 0.101926
0 0.167495 0.514310 0.061429 0.053043
4 0.799063 0.547295 0.023986 0.063444
