0 0.013829 0.688181 0.025950 0.087410
0 0.889979 0.584989 0.218525 0.415198
0 0.084166 0.572849 0.163894 0.230666
0 0.183869 0.552210 0.095605 0.145684
0 0.228257 0.524287 0.105165 0.114119
0 0.274010 0.513361 0.046437 0.092266
0 0.293814 0.508505 0.036876 0.072842
0 0.308838 0.507291 0.023218 0.065558
0 0.314301 0.498793 0.039608 0.063130
0 0.757498 0.496365 0.234915 0.281655
0 0.627065 0.485438 0.121555 0.182104
0 0.565605 0.486652 0.061460 0.106835
0 0.537606 0.481796 0.049168 0.092266
0 0.508925 0.476940 0.035510 0.058273
0 0.335471 0.458730 0.024584 0.036421
0 0.475463 0.449018 0.028681 0.041277
0 0.408031 0.500355 0.087062 0.114816
0 0.348445 0.450232 0.017755 0.038849
0 0.355957 0.442947 0.013658 0.024281
0 0.365518 0.430807 0.013658 0.029137
0 0.464537 0.440519 0.012292 0.029137
0 0.457025 0.430807 0.013658 0.029137
0 0.452928 0.421095 0.016389 0.024281
1 0.418783 0.435663 0.049168 0.077698
