0 0.173828 0.439946 0.076640 0.060324
0 0.083399 0.444106 0.109401 0.076965
0 0.491868 0.408744 0.021061 0.026002
0 0.510004 0.402504 0.012871 0.021841
0 0.536916 0.397824 0.014041 0.014561
0 0.602732 0.396263 0.013456 0.015601
0 0.599222 0.411864 0.026327 0.032242
0 0.634616 0.399904 0.005850 0.014561
0 0.639589 0.401984 0.006435 0.016641
2 0.622331 0.392623 0.017551 0.039522
0 0.625841 0.406664 0.012286 0.015601
0 0.646079 0.403024 0.016381 0.017681
4 0.571951 0.501750 0.035102 0.121687
1 0.689623 0.402413 0.035344 0.071150
1 0.715351 0.399641 0.033785 0.091478
1 0.745498 0.397331 0.066010 0.131212
1 0.851425 0.398717 0.159568 0.217146
