0 0.327048 0.439660 0.024370 0.036393
0 0.299991 0.443126 0.029744 0.039859
0 0.262223 0.445725 0.021446 0.041592
0 0.184726 0.453524 0.030219 0.053723
0 0.165230 0.458723 0.032169 0.050257
0 0.140372 0.459589 0.031194 0.058922
0 0.116977 0.464788 0.035093 0.062388
0 0.095044 0.473453 0.034118 0.065854
0 0.073598 0.483851 0.034118 0.065854
0 0.502513 0.427529 0.010723 0.025995
0 0.515186 0.431862 0.018521 0.031194
0 0.526884 0.432728 0.020471 0.039859
0 0.375788 0.436194 0.030219 0.032927
0 0.487891 0.432728 0.018521 0.029461
0 0.553691 0.441393 0.037043 0.050257
0 0.220307 0.427529 0.072136 0.105712
0 0.040455 0.477786 0.080909 0.133440
0 0.440482 0.435385 0.019234 0.020910
