4 0.397007 0.408281 0.015820 0.056250
0 0.354161 0.389531 0.017139 0.037500
0 0.343614 0.394218 0.014502 0.046875
0 0.331089 0.397734 0.023730 0.049219
0 0.462925 0.390703 0.013184 0.030469
0 0.470835 0.390703 0.013184 0.025781
0 0.478745 0.395390 0.013184 0.030469
0 0.741758 0.428203 0.167432 0.100781
0 0.155748 0.409453 0.126562 0.091406
0 0.081919 0.384843 0.063281 0.065625
0 0.409532 0.389531 0.011865 0.023437
0 0.417442 0.390703 0.011865 0.021094
0 0.439195 0.390703 0.013184 0.021094
0 0.497202 0.394218 0.031641 0.046875
0 0.301426 0.398906 0.051416 0.065625
0 0.048870 0.448125 0.097740 0.182812
0 0.886777 0.435234 0.098877 0.077344
