0 0.557908 0.469898 0.006888 0.010714
0 0.537417 0.469898 0.009987 0.010714
0 0.574009 0.479847 0.012570 0.019898
0 0.580724 0.483432 0.014636 0.034157
0 0.591486 0.485970 0.010332 0.032143
0 0.596222 0.488266 0.014636 0.030612
0 0.604401 0.490561 0.015497 0.035204
0 0.620329 0.492857 0.030134 0.045918
0 0.647019 0.497888 0.047353 0.055979
0 0.681458 0.497449 0.038744 0.088776
0 0.724937 0.500510 0.094707 0.122449
0 0.823805 0.509694 0.178221 0.205102
0 0.507025 0.471888 0.018080 0.013776
0 0.525105 0.480306 0.011193 0.021429
0 0.488945 0.486429 0.011193 0.021429
0 0.481196 0.491786 0.011193 0.026020
0 0.468712 0.487959 0.017219 0.033673
0 0.550504 0.481837 0.012054 0.018367
0 0.458323 0.495153 0.015497 0.035204
0 0.437660 0.498980 0.039605 0.045918
0 0.376531 0.508163 0.055102 0.061225
0 0.327456 0.517347 0.063712 0.073469
0 0.217251 0.536480 0.136033 0.120918
0 0.046287 0.565621 0.092574 0.206633
0 0.914370 0.560264 0.167889 0.247959
0 0.505663 0.487452 0.026690 0.036735
