0 0.337681 0.565312 0.015820 0.032812
0 0.326475 0.566484 0.014502 0.035156
0 0.315928 0.567656 0.011865 0.037500
0 0.237486 0.573515 0.036914 0.049219
0 0.202549 0.572343 0.040869 0.075000
0 0.159703 0.586406 0.060644 0.075000
0 0.517637 0.566484 0.014502 0.030469
0 0.515000 0.554765 0.022412 0.030469
0 0.521592 0.571171 0.014502 0.044531
0 0.529502 0.568828 0.017139 0.049219
0 0.543345 0.568828 0.026367 0.063281
0 0.580259 0.578203 0.029004 0.077344
0 0.571030 0.573515 0.050098 0.077344
0 0.629038 0.575859 0.097559 0.114844
0 0.712095 0.602812 0.110742 0.159375
0 0.841953 0.619218 0.254443 0.271875
0 0.287583 0.567656 0.052734 0.065625
0 0.077964 0.592265 0.118652 0.096094
0 0.437217 0.619218 0.175342 0.234375
0 0.931602 0.657890 0.135791 0.316406
