0 0.285585 0.366653 0.015137 0.029153
0 0.271079 0.368895 0.026490 0.033638
0 0.250896 0.372259 0.023967 0.040365
0 0.242697 0.377865 0.020183 0.033638
0 0.194385 0.389078 0.036581 0.051578
0 0.605229 0.338621 0.012614 0.022425
0 0.631088 0.339742 0.011353 0.020183
0 0.637395 0.337500 0.008830 0.020183
0 0.641810 0.336379 0.012614 0.026910
0 0.653794 0.340864 0.021444 0.035880
0 0.663885 0.348712 0.026490 0.042608
0 0.668300 0.354319 0.022706 0.040365
0 0.675238 0.357682 0.016398 0.042608
0 0.690375 0.357682 0.029013 0.056063
0 0.696682 0.365531 0.029013 0.058306
0 0.715603 0.368895 0.044150 0.065033
0 0.745247 0.378986 0.058025 0.085216
0 0.916673 0.422716 0.150109 0.163704
0 0.590218 0.328530 0.016398 0.011213
0 0.589587 0.337500 0.027751 0.015698
0 0.583280 0.356561 0.050457 0.035880
0 0.227055 0.382350 0.035320 0.042608
0 0.163985 0.393563 0.050457 0.056063
0 0.781575 0.391320 0.083254 0.096429
0 0.620114 0.338621 0.020183 0.035880
0 0.547636 0.495437 0.194259 0.271345
0 0.953183 0.461319 0.092084 0.174917
1 0.377164 0.375623 0.143802 0.262375
