0 0.381536 0.500076 0.014657 0.021299
0 0.372677 0.504607 0.012236 0.023112
0 0.361971 0.503927 0.015295 0.027190
0 0.346677 0.505967 0.022942 0.036707
0 0.326411 0.512764 0.026765 0.036707
0 0.292763 0.520921 0.045119 0.044864
0 0.431179 0.499849 0.014530 0.024471
0 0.445327 0.505287 0.007647 0.013595
0 0.452974 0.509366 0.013765 0.019033
0 0.461386 0.512085 0.012236 0.027190
0 0.473239 0.511405 0.026765 0.042145
0 0.486622 0.522961 0.032119 0.048943
0 0.508417 0.531798 0.046648 0.055740
0 0.238850 0.520921 0.068826 0.080211
0 0.097805 0.539075 0.152946 0.134592
0 0.529876 0.547912 0.061178 0.076133
0 0.414402 0.529558 0.042825 0.063897
0 0.633195 0.514577 0.057355 0.044864
0 0.399188 0.503701 0.022177 0.033988
0 0.784620 0.630816 0.282203 0.301813
0 0.890544 0.698845 0.217183 0.483988
