0 0.884722 0.467841 0.081909 0.073213
0 0.821337 0.469851 0.065918 0.072797
0 0.793652 0.476160 0.042187 0.058792
0 0.745426 0.476114 0.035385 0.052229
0 0.669835 0.473387 0.053038 0.039934
0 0.483220 0.489084 0.011949 0.025514
0 0.453783 0.492412 0.015285 0.027732
0 0.468482 0.490193 0.011475 0.023295
0 0.636509 0.478379 0.016337 0.036606
0 0.428427 0.493057 0.010468 0.013494
0 0.421352 0.501840 0.012138 0.017749
0 0.385102 0.527659 0.060927 0.084916
0 0.056886 0.545491 0.057615 0.022186
0 0.119311 0.531445 0.048779 0.039844
0 0.174023 0.530273 0.042187 0.032812
0 0.255762 0.508007 0.013184 0.016406
0 0.285425 0.501522 0.022412 0.028205
0 0.302563 0.495171 0.011865 0.022158
0 0.322339 0.501093 0.014502 0.018750
0 0.503448 0.484018 0.011855 0.011093
