0 0.264649 0.315777 0.009537 0.010597
0 0.253324 0.315777 0.015497 0.014835
0 0.236634 0.316837 0.020266 0.012716
0 0.220541 0.316837 0.011921 0.012716
0 0.203851 0.316837 0.021458 0.012716
0 0.175836 0.315777 0.015497 0.014835
0 0.159743 0.320016 0.016690 0.019074
0 0.149610 0.321075 0.017882 0.021193
0 0.134709 0.316837 0.016690 0.016954
0 0.120403 0.315777 0.021458 0.019074
0 0.101329 0.315777 0.028611 0.023312
0 0.075699 0.318956 0.020266 0.021193
0 0.017882 0.323195 0.035763 0.033909
0 0.399357 0.314717 0.007153 0.021193
0 0.417835 0.316837 0.032187 0.042386
0 0.383264 0.338030 0.053645 0.063579
0 0.588903 0.339089 0.095369 0.137755
0 0.677715 0.335910 0.087024 0.097488
0 0.043512 0.348626 0.087024 0.072056
1 0.300412 0.310479 0.035763 0.042386
0 0.460751 0.309419 0.010729 0.010597
0 0.436909 0.311538 0.010729 0.010597
