0 0.509109 0.364435 0.006757 0.011088
0 0.514047 0.365359 0.008316 0.012936
0 0.521583 0.364897 0.009876 0.026797
0 0.532238 0.366283 0.015593 0.025873
0 0.545752 0.364435 0.013514 0.038809
0 0.556927 0.368594 0.012994 0.045277
0 0.567582 0.369518 0.014553 0.052669
0 0.466228 0.361201 0.008316 0.017556
0 0.459731 0.365821 0.015073 0.037885
0 0.444138 0.371366 0.027547 0.047125
0 0.417630 0.381530 0.052496 0.061910
0 0.607344 0.383378 0.055615 0.076694
0 0.581876 0.372290 0.029627 0.058214
0 0.227865 0.381992 0.114348 0.072074
0 0.050287 0.364990 0.099275 0.144148
0 0.496375 0.360370 0.007277 0.011088
0 0.484160 0.360370 0.007796 0.012936
0 0.490137 0.359908 0.005198 0.012012
