0 0.795629 0.556640 0.019775 0.021094
0 0.767285 0.558984 0.042187 0.025781
0 0.719824 0.561328 0.036914 0.030469
0 0.637426 0.561328 0.051416 0.044531
0 0.509546 0.569531 0.011865 0.018750
0 0.516797 0.574218 0.013184 0.018750
0 0.485156 0.575390 0.010547 0.016406
0 0.456152 0.578906 0.031641 0.037500
0 0.295312 0.592968 0.052734 0.032812
0 0.251147 0.591796 0.038232 0.030469
0 0.223462 0.596484 0.043506 0.039844
0 0.194458 0.603515 0.059326 0.030469
0 0.114697 0.601171 0.060644 0.035156
0 0.067895 0.612890 0.061963 0.030469
0 0.348047 0.596484 0.044824 0.058594
