0 0.492269 0.518206 0.009499 0.023219
0 0.501768 0.532982 0.009499 0.044327
0 0.510079 0.538259 0.007124 0.054881
0 0.518984 0.537203 0.010686 0.035884
0 0.537501 0.553158 0.035394 0.076236
0 0.554604 0.555145 0.029683 0.071768
0 0.588416 0.567354 0.061687 0.093606
1 0.464604 0.475990 0.043931 0.018997
0 0.463319 0.563649 0.065582 0.143657
0 0.313669 0.527324 0.023221 0.049898
0 0.290185 0.531926 0.042744 0.067546
0 0.237348 0.536148 0.081926 0.092876
1 0.342831 0.472188 0.077225 0.097766
0 0.404403 0.628617 0.157672 0.255017
0 0.523314 0.551753 0.018721 0.062404
