1 0.824687 0.548492 0.126725 0.091849
0 0.476681 0.618678 0.042892 0.058922
0 0.424041 0.598749 0.023395 0.025995
0 0.231517 0.636874 0.082859 0.077985
0 0.139885 0.655071 0.090657 0.083184
0 0.193012 0.631675 0.038992 0.064121
0 0.285619 0.618678 0.048740 0.076252
0 0.319737 0.611746 0.027295 0.055456
0 0.342158 0.609147 0.019496 0.043325
0 0.360679 0.603948 0.015597 0.039859
0 0.379200 0.597882 0.027295 0.024262
0 0.399671 0.594416 0.011698 0.024262
0 0.503001 0.599615 0.019496 0.034660
0 0.476681 0.584885 0.027295 0.015597
