0 0.149677 0.718520 0.297755 0.307303
0 0.935030 0.791349 0.125896 0.403224
0 0.689233 0.688322 0.173857 0.193618
0 0.510830 0.601283 0.005995 0.021316
0 0.521321 0.598618 0.010991 0.026645
0 0.528315 0.607500 0.010991 0.044408
0 0.538807 0.613717 0.015987 0.046184
0 0.550797 0.614605 0.019984 0.055066
0 0.581771 0.619046 0.055954 0.085263
0 0.611247 0.637697 0.072940 0.111908
0 0.314991 0.644803 0.133890 0.182961
0 0.478856 0.597730 0.013988 0.017763
0 0.468365 0.599507 0.012989 0.024868
0 0.464867 0.605724 0.017985 0.030197
0 0.453377 0.610164 0.018984 0.042632
0 0.440388 0.614605 0.020983 0.062171
0 0.398422 0.608937 0.070942 0.116138
0 0.385932 0.630592 0.051957 0.119013
0 0.689732 0.579079 0.104914 0.035526
0 0.497335 0.595264 0.019579 0.019890
