0 0.037083 0.480612 0.035300 0.024490
2 0.111557 0.450000 0.070600 0.061225
0 0.124472 0.464869 0.032717 0.030612
0 0.161063 0.444206 0.021524 0.019898
0 0.393525 0.399053 0.011193 0.009184
0 0.381471 0.396757 0.009471 0.013776
0 0.356503 0.400583 0.014636 0.015306
0 0.334548 0.407471 0.012054 0.010714
0 0.289347 0.414359 0.009471 0.009184
0 0.291930 0.441910 0.021524 0.018367
0 0.456375 0.389869 0.011193 0.009184
0 0.409883 0.393696 0.011193 0.013776
0 0.443030 0.393696 0.010332 0.013776
0 0.435712 0.394461 0.007749 0.015306
0 0.424950 0.394461 0.010332 0.012245
0 0.417632 0.395226 0.009471 0.013776
0 0.416340 0.405940 0.010332 0.019898
0 0.447766 0.403644 0.016358 0.024490
0 0.386206 0.412828 0.008610 0.018367
0 0.359086 0.427369 0.016358 0.019898
0 0.196793 0.448032 0.015497 0.015306
0 0.170964 0.455685 0.034439 0.024490
0 0.256630 0.428134 0.014636 0.012245
0 0.343588 0.408236 0.009471 0.012245
0 0.319051 0.426385 0.018941 0.021429
0 0.270406 0.463885 0.042188 0.044388
0 0.241564 0.428681 0.015497 0.019898
0 0.223053 0.440161 0.021524 0.021429
0 0.332826 0.407252 0.012054 0.010714
0 0.428394 0.414905 0.013776 0.022959
0 0.453793 0.423324 0.026690 0.036735
0 0.395677 0.417201 0.013776 0.018367
