0 0.064369 0.560825 0.040593 0.032990
0 0.472268 0.560825 0.013918 0.037113
0 0.559253 0.539175 0.009278 0.018557
0 0.545412 0.547766 0.011753 0.039863
0 0.546495 0.523711 0.011598 0.020619
0 0.434111 0.558763 0.033634 0.061856
0 0.401057 0.538144 0.013918 0.016495
0 0.491637 0.560206 0.033634 0.052371
0 0.130477 0.600825 0.035954 0.028866
0 0.450116 0.564742 0.047552 0.059794
0 0.352809 0.587423 0.088144 0.117526
0 0.242629 0.594571 0.120155 0.111203
0 0.035374 0.676083 0.070747 0.187629
0 0.518235 0.535739 0.015077 0.026804
