0 0.165431 0.495151 0.077850 0.080126
0 0.719610 0.510933 0.144064 0.135971
0 0.211184 0.487867 0.032779 0.070414
0 0.234403 0.485438 0.027316 0.070414
0 0.258987 0.480582 0.032779 0.055845
0 0.292448 0.475726 0.042339 0.050989
0 0.319081 0.472084 0.021853 0.038849
0 0.337519 0.468442 0.023218 0.046133
0 0.625542 0.497579 0.050850 0.084982
0 0.576531 0.480582 0.036876 0.060701
0 0.541021 0.463586 0.045071 0.050989
0 0.517120 0.461158 0.024584 0.046133
0 0.506876 0.461158 0.023218 0.041277
0 0.497999 0.462372 0.024584 0.038849
0 0.487073 0.459944 0.030047 0.033993
0 0.467952 0.453874 0.010926 0.036421
0 0.392321 0.468615 0.024584 0.029137
0 0.408711 0.467401 0.013658 0.026709
0 0.416223 0.460117 0.017755 0.021853
0 0.437392 0.458903 0.016389 0.029137
0 0.606445 0.495937 0.040078 0.069375
0 0.370195 0.466875 0.027422 0.026250
