4 0.011297 0.537399 0.022594 0.078852
0 0.408977 0.476511 0.009177 0.017674
0 0.423124 0.480589 0.023707 0.039426
0 0.434213 0.487387 0.027530 0.047583
0 0.437654 0.499622 0.014530 0.044864
0 0.448742 0.496224 0.021412 0.073414
0 0.361181 0.455438 0.016059 0.048943
1 0.298473 0.439804 0.037472 0.036707
2 0.335945 0.469033 0.045119 0.078852
0 0.246089 0.488746 0.062708 0.055740
0 0.117421 0.511877 0.120827 0.126435
0 0.207276 0.530045 0.129239 0.140030
0 0.304397 0.489940 0.069590 0.084290
0 0.477990 0.502855 0.057355 0.093807
3 0.355251 0.531405 0.021412 0.069335
4 0.557904 0.524607 0.016824 0.069335
0 0.387936 0.499040 0.048943 0.080211
