0 0.009977 0.540378 0.019953 0.074003
0 0.886548 0.623351 0.224533 0.334136
0 0.755361 0.551591 0.176599 0.181644
0 0.665800 0.548227 0.100914 0.143521
0 0.611559 0.539257 0.045411 0.107641
0 0.047074 0.532529 0.051718 0.076246
0 0.083655 0.526923 0.036581 0.074003
0 0.133481 0.528044 0.045411 0.058306
0 0.159340 0.525802 0.036581 0.049336
0 0.195291 0.522438 0.042888 0.051578
0 0.252685 0.524680 0.021444 0.065033
0 0.351076 0.508983 0.026490 0.033638
0 0.431807 0.542621 0.071901 0.100914
0 0.294312 0.528044 0.087038 0.107641
0 0.549119 0.547106 0.084515 0.105399
