0 0.397443 0.425517 0.024584 0.031565
0 0.385151 0.429160 0.016389 0.033993
0 0.371493 0.430374 0.027316 0.031565
0 0.352372 0.436444 0.032779 0.043705
0 0.319593 0.434016 0.049168 0.053417
0 0.519681 0.448584 0.031413 0.053417
0 0.439099 0.426731 0.023218 0.033993
0 0.847332 0.487797 0.142041 0.089838
0 0.474951 0.475900 0.091507 0.133543
0 0.080069 0.480756 0.160138 0.174820
0 0.891563 0.460679 0.072572 0.078532
0 0.415113 0.421583 0.013673 0.022438
0 0.739583 0.463654 0.082038 0.069183
0 0.015872 0.374838 0.031744 0.059834
