0 0.413487 0.646171 0.009229 0.025781
0 0.406236 0.645000 0.013184 0.028125
0 0.395030 0.647343 0.017139 0.042187
0 0.382505 0.649687 0.021094 0.051562
0 0.369322 0.652031 0.021094 0.060937
0 0.346250 0.657890 0.043506 0.082031
0 0.335044 0.663750 0.042187 0.075000
0 0.287583 0.653203 0.073828 0.105469
0 0.204527 0.654375 0.160840 0.126562
0 0.091717 0.603984 0.183433 0.269531
0 0.463584 0.647343 0.011865 0.018750
0 0.471494 0.650859 0.011865 0.016406
0 0.478086 0.647343 0.011865 0.018750
0 0.484019 0.648515 0.018457 0.025781
0 0.495225 0.650859 0.017139 0.030469
0 0.507749 0.650859 0.021094 0.035156
0 0.524888 0.654375 0.021094 0.042187
0 0.535435 0.659062 0.021094 0.032812
0 0.549937 0.659062 0.026367 0.032812
0 0.565098 0.659062 0.032959 0.042187
0 0.580918 0.662578 0.048779 0.053906
0 0.610581 0.668437 0.060644 0.070312
0 0.648814 0.674296 0.058008 0.077344
0 0.720005 0.677812 0.118652 0.112500
0 0.882163 0.649687 0.234668 0.178125
0 0.451719 0.647343 0.009229 0.018750
0 0.431284 0.642656 0.010547 0.023437
0 0.441172 0.647343 0.019775 0.028125
