0 0.447105 0.496172 0.018457 0.030469
0 0.503794 0.499687 0.021094 0.042187
0 0.526206 0.491484 0.036914 0.067969
0 0.540708 0.502031 0.044824 0.075000
0 0.571030 0.526640 0.042187 0.091406
0 0.596079 0.541875 0.044824 0.112500
0 0.416783 0.485625 0.036914 0.070312
0 0.418760 0.507890 0.022412 0.049219
0 0.384483 0.505547 0.056689 0.086719
0 0.329771 0.523125 0.092285 0.135937
1 0.681773 0.493828 0.155566 0.311719
1 0.466880 0.493828 0.036914 0.039844
0 0.186070 0.545390 0.218848 0.260156
0 0.836021 0.541875 0.326953 0.614062
