0 0.155765 0.329074 0.053732 0.086443
0 0.039244 0.321993 0.045119 0.029909
0 0.246880 0.322432 0.026765 0.039426
0 0.263321 0.324471 0.032119 0.035347
0 0.291234 0.320166 0.035942 0.043051
0 0.320676 0.317900 0.033648 0.044864
0 0.379942 0.316541 0.048178 0.047583
0 0.422002 0.321299 0.049707 0.048943
0 0.472857 0.321979 0.105532 0.053021
0 0.573291 0.312462 0.087179 0.058459
0 0.624146 0.315181 0.046648 0.077492
0 0.708266 0.311782 0.149122 0.100604
0 0.879084 0.302900 0.203418 0.144109
0 0.986013 0.321251 0.026001 0.095166
