0 0.500337 0.410107 0.019336 0.021875
0 0.507808 0.421045 0.016699 0.037500
0 0.536372 0.403076 0.022852 0.010937
0 0.560458 0.416146 0.026367 0.028125
1 0.561337 0.393750 0.019336 0.043750
0 0.578476 0.405469 0.011426 0.023437
1 0.601721 0.393638 0.033398 0.042187
0 0.598205 0.427232 0.022852 0.046875
0 0.667200 0.439732 0.029004 0.062500
2 0.672913 0.394420 0.033398 0.031250
0 0.731406 0.458594 0.139746 0.164062
0 0.539804 0.469531 0.087012 0.120312
0 0.624618 0.444531 0.065039 0.085937
0 0.885298 0.528857 0.226758 0.306250
0 0.658980 0.756201 0.006152 0.014062
