0 0.017229 0.466958 0.034459 0.057355
2 0.382505 0.448613 0.052734 0.062851
0 0.429966 0.466406 0.010547 0.023437
0 0.416123 0.459375 0.011865 0.023437
0 0.443150 0.455859 0.010547 0.025781
0 0.452378 0.459375 0.010547 0.018750
1 0.479405 0.445312 0.027686 0.037500
0 0.469517 0.468750 0.036914 0.046875
0 0.583555 0.466406 0.032959 0.032812
0 0.528843 0.503906 0.097559 0.145312
0 0.612559 0.479297 0.027686 0.049219
0 0.654087 0.493359 0.087012 0.086719
0 0.822837 0.540234 0.276855 0.311719
0 0.244078 0.482812 0.282129 0.337500
