0 0.458263 0.495544 0.016059 0.026511
0 0.451381 0.512878 0.025236 0.036707
0 0.433027 0.520015 0.022942 0.046903
0 0.406071 0.520015 0.051619 0.104003
0 0.387144 0.525113 0.055060 0.093807
0 0.338966 0.552643 0.110121 0.177417
0 0.523074 0.506760 0.014912 0.040785
0 0.535118 0.511858 0.020648 0.055060
0 0.551751 0.516956 0.021795 0.069335
0 0.586738 0.526133 0.059649 0.083610
0 0.665313 0.531231 0.127327 0.159063
0 0.725536 0.559781 0.142239 0.167221
0 0.863187 0.631156 0.273008 0.375227
0 0.022942 0.763708 0.045884 0.244713
0 0.157725 0.612802 0.269567 0.289577
0 0.494397 0.518995 0.059649 0.106042
