0 0.276377 0.372656 0.022412 0.014062
0 0.429966 0.498047 0.015820 0.030469
0 0.356797 0.508593 0.011865 0.028125
0 0.412168 0.487500 0.019775 0.028125
1 0.377891 0.487500 0.019775 0.042187
0 0.371958 0.508593 0.013184 0.032812
0 0.403599 0.508593 0.042187 0.051562
0 0.460288 0.506250 0.007910 0.028125
0 0.472813 0.509765 0.011865 0.035156
0 0.482700 0.503906 0.007910 0.028125
0 0.495225 0.506250 0.025049 0.051562
0 0.522910 0.510937 0.040869 0.051562
0 0.126744 0.488672 0.139746 0.096094
0 0.028526 0.499218 0.054053 0.079687
0 0.949399 0.515625 0.026367 0.060937
0 0.870298 0.508593 0.121289 0.079687
0 0.768125 0.514453 0.083057 0.058594
0 0.678477 0.539062 0.130517 0.126562
