0 0.569702 0.476940 0.121555 0.179676
0 0.319081 0.475726 0.084679 0.089838
0 0.431758 0.445375 0.064192 0.092266
0 0.702183 0.432021 0.091507 0.114119
4 0.048656 0.567992 0.065558 0.099550
4 0.101239 0.550996 0.069655 0.084982
4 0.129237 0.543712 0.060094 0.084982
4 0.141529 0.537642 0.060094 0.067986
4 0.235768 0.501221 0.043705 0.058273
0 0.393516 0.425951 0.031413 0.053417
0 0.500730 0.412597 0.027316 0.036421
0 0.665307 0.411383 0.047802 0.077698
0 0.633894 0.407741 0.028681 0.055845
0 0.629797 0.402884 0.036876 0.065558
0 0.609993 0.394386 0.024584 0.029137
0 0.461806 0.411383 0.015024 0.033993
0 0.474098 0.408955 0.015024 0.033993
2 0.497999 0.379818 0.035510 0.024281
