0 0.052717 0.528023 0.105071 0.171983
0 0.899321 0.632033 0.200369 0.382546
0 0.932066 0.471252 0.133319 0.099795
0 0.142285 0.510754 0.083422 0.112269
0 0.209725 0.497587 0.054575 0.094250
0 0.253775 0.496201 0.039762 0.072074
0 0.281842 0.483727 0.041321 0.074846
0 0.317706 0.485113 0.030406 0.047125
0 0.344603 0.480955 0.032745 0.047125
0 0.372671 0.474717 0.028067 0.040195
0 0.813170 0.503824 0.135658 0.103953
0 0.746511 0.465015 0.063151 0.051283
0 0.598768 0.470559 0.057694 0.081776
0 0.671665 0.525308 0.134879 0.182957
0 0.491177 0.609856 0.282232 0.354825
