0 0.086462 0.458036 0.172585 0.267370
0 0.588192 0.461323 0.192309 0.212581
0 0.418072 0.409821 0.036983 0.030682
0 0.389103 0.399959 0.016026 0.019724
0 0.353969 0.390097 0.014793 0.021916
0 0.368762 0.404342 0.017259 0.028490
0 0.212203 0.415300 0.034517 0.041640
0 0.235625 0.414204 0.017259 0.039448
0 0.247224 0.412476 0.013785 0.035992
0 0.260119 0.412013 0.012006 0.030682
0 0.273923 0.406534 0.012163 0.028490
0 0.285551 0.402151 0.011095 0.024107
0 0.300344 0.403247 0.008629 0.026299
0 0.312056 0.397768 0.012328 0.019724
0 0.329314 0.391193 0.014793 0.019724
0 0.712434 0.449576 0.053013 0.068774
