1 0.663259 0.468269 0.016389 0.024281
1 0.663259 0.476767 0.010926 0.021853
1 0.646869 0.462198 0.016389 0.016996
1 0.632528 0.476767 0.012292 0.026709
1 0.623651 0.477981 0.013658 0.024281
1 0.617505 0.476767 0.015024 0.031565
1 0.609310 0.479195 0.020487 0.031565
1 0.586775 0.488907 0.046437 0.065558
1 0.511657 0.510760 0.019121 0.036421
1 0.497316 0.511974 0.025950 0.053417
1 0.487073 0.513188 0.021853 0.041277
1 0.472732 0.510760 0.025950 0.055845
1 0.461123 0.513188 0.024584 0.055845
1 0.433124 0.518044 0.039608 0.060701
1 0.539655 0.504690 0.058729 0.087410
1 0.192746 0.570247 0.165260 0.135971
0 0.836092 0.615503 0.325446 0.529236
0 0.687244 0.504498 0.047934 0.132309
