0 0.401180 0.511982 0.011462 0.025472
0 0.389717 0.511982 0.014328 0.030566
0 0.383986 0.513255 0.011462 0.033113
0 0.376822 0.517076 0.011462 0.035660
0 0.368942 0.518350 0.010029 0.033113
0 0.361062 0.517076 0.011462 0.050943
0 0.351032 0.518350 0.017193 0.063679
0 0.338137 0.517076 0.028656 0.066226
0 0.305183 0.520897 0.045849 0.084057
0 0.291572 0.528538 0.050147 0.078962
0 0.257901 0.523444 0.077370 0.114623
0 0.171218 0.545095 0.173367 0.203774
0 0.465655 0.511982 0.014328 0.025472
0 0.477117 0.511982 0.011462 0.025472
0 0.487147 0.509434 0.017193 0.040755
0 0.499325 0.515802 0.024357 0.058585
0 0.514370 0.513255 0.025790 0.063679
0 0.543025 0.523444 0.054446 0.089151
0 0.570248 0.537453 0.048715 0.106981
0 0.639022 0.541274 0.149010 0.170661
0 0.053729 0.562161 0.107459 0.282736
0 0.835412 0.609029 0.322860 0.508925
0 0.433417 0.508161 0.021492 0.033113
