0 0.135357 0.528784 0.041295 0.055060
0 0.173211 0.520627 0.043589 0.055060
0 0.200168 0.524705 0.024089 0.046903
0 0.219095 0.521647 0.025236 0.040785
0 0.306274 0.511450 0.011471 0.020393
0 0.318318 0.514509 0.010324 0.014275
0 0.326348 0.513489 0.012618 0.016314
0 0.307994 0.495136 0.030971 0.028550
0 0.353878 0.515529 0.008030 0.016314
0 0.349290 0.517568 0.010324 0.032628
0 0.368790 0.508391 0.014912 0.014275
0 0.379687 0.515529 0.009177 0.012236
0 0.390585 0.521647 0.008030 0.016314
0 0.400909 0.525725 0.014912 0.024471
0 0.461246 0.546118 0.033266 0.057100
0 0.469849 0.550196 0.027530 0.057100
0 0.485335 0.551216 0.026383 0.083610
0 0.073414 0.521647 0.094062 0.106042
0 0.255802 0.566511 0.110121 0.130514
0 0.337245 0.520627 0.018353 0.034668
0 0.367643 0.523686 0.019501 0.020393
0 0.420295 0.543059 0.041295 0.059139
1 0.736947 0.502517 0.523278 0.947119
