0 0.395097 0.517440 0.027192 0.032228
0 0.390565 0.510279 0.046328 0.032228
0 0.355315 0.515650 0.016114 0.035809
0 0.347762 0.513860 0.023164 0.035809
0 0.335172 0.519231 0.016114 0.042971
0 0.324094 0.521021 0.018128 0.057294
0 0.306973 0.527288 0.032228 0.069828
0 0.267695 0.538926 0.074528 0.082361
0 0.097591 0.579211 0.195182 0.205902
0 0.026487 0.648143 0.051364 0.225597
0 0.433368 0.512964 0.017121 0.037599
0 0.472142 0.511174 0.060428 0.084151
0 0.485738 0.539821 0.043307 0.091313
0 0.522498 0.556830 0.066471 0.118170
0 0.608104 0.563992 0.153084 0.222016
0 0.812048 0.623077 0.371631 0.537135
4 0.219332 0.537227 0.025345 0.072786
