0 0.506263 0.606356 0.014041 0.014561
0 0.511528 0.608436 0.010531 0.018721
0 0.516793 0.607396 0.009361 0.024961
0 0.528494 0.606356 0.018721 0.027042
0 0.542535 0.610517 0.023401 0.035362
0 0.555405 0.613637 0.021061 0.037442
0 0.571201 0.611557 0.036272 0.058243
0 0.490467 0.611557 0.012871 0.016641
0 0.475841 0.611557 0.016381 0.016641
0 0.461800 0.607396 0.011701 0.016641
0 0.452439 0.607396 0.011701 0.016641
0 0.437813 0.609477 0.015211 0.029122
0 0.420847 0.610517 0.016381 0.031202
0 0.403881 0.613637 0.012871 0.037442
0 0.393351 0.617797 0.015211 0.037442
0 0.384575 0.619877 0.016381 0.041602
0 0.370534 0.621957 0.014041 0.045763
0 0.363514 0.619877 0.011701 0.045763
0 0.338357 0.606356 0.040952 0.072804
0 0.300330 0.617797 0.058504 0.070724
0 0.595773 0.622997 0.057333 0.064484
0 0.033554 0.621957 0.065524 0.124807
