0 0.073355 0.748858 0.146709 0.216898
4 0.372851 0.688089 0.013673 0.054224
4 0.312901 0.718006 0.022087 0.046745
0 0.509581 0.647888 0.009466 0.011219
1 0.496960 0.640409 0.013673 0.037396
0 0.489597 0.650693 0.013673 0.028047
0 0.476450 0.655367 0.018932 0.033657
0 0.471191 0.659107 0.014725 0.026177
0 0.522202 0.650693 0.013673 0.020568
0 0.532194 0.646018 0.014725 0.026177
0 0.552703 0.650693 0.022087 0.028047
0 0.561117 0.655367 0.022087 0.022438
0 0.590567 0.658172 0.053640 0.050485
0 0.636845 0.686219 0.077831 0.099100
0 0.427017 0.682480 0.071520 0.132756
