0 0.046863 0.714890 0.093727 0.160252
0 0.930920 0.798658 0.136515 0.303507
0 0.693306 0.671185 0.169357 0.169964
0 0.164748 0.684539 0.131115 0.118975
0 0.248060 0.656617 0.060094 0.092266
0 0.288351 0.645690 0.050534 0.075270
0 0.317715 0.644476 0.030047 0.067986
0 0.330007 0.644476 0.021853 0.063130
0 0.347763 0.639620 0.024584 0.053417
0 0.577897 0.654189 0.061460 0.077698
0 0.541021 0.637192 0.034145 0.063130
0 0.520534 0.633550 0.023218 0.046133
0 0.417418 0.629908 0.038242 0.063130
0 0.442002 0.620196 0.024584 0.038849
0 0.506876 0.633550 0.020487 0.036421
0 0.476146 0.631122 0.021853 0.021853
