0 0.032166 0.806363 0.062771 0.163306
0 0.090712 0.765499 0.139321 0.175554
0 0.197116 0.734199 0.075019 0.145615
0 0.270221 0.717188 0.065067 0.078931
0 0.311558 0.710383 0.016075 0.054435
0 0.330696 0.701537 0.020668 0.047631
0 0.366674 0.699496 0.028323 0.032661
0 0.388491 0.698135 0.010717 0.024496
0 0.399208 0.696774 0.009186 0.019052
0 0.411073 0.696094 0.014544 0.023135
0 0.454324 0.688609 0.010717 0.019052
0 0.465041 0.695413 0.012248 0.027218
0 0.486857 0.693372 0.028323 0.044909
0 0.509440 0.702218 0.044399 0.065323
0 0.556901 0.730796 0.048992 0.097984
0 0.610868 0.749849 0.127838 0.187802
0 0.729138 0.816532 0.254146 0.253125
0 0.431359 0.686568 0.015310 0.017692
