0 0.086849 0.567462 0.173335 0.164449
0 0.915017 0.578009 0.168961 0.185543
0 0.225957 0.556290 0.119324 0.110911
0 0.320492 0.558023 0.084274 0.083184
0 0.388461 0.545892 0.059463 0.076252
0 0.435252 0.541560 0.043866 0.060655
0 0.825175 0.564955 0.049715 0.114377
0 0.784720 0.550225 0.048740 0.067587
0 0.766199 0.533761 0.023395 0.048524
0 0.754014 0.529429 0.030219 0.050257
0 0.745241 0.523364 0.024370 0.041592
0 0.727207 0.512966 0.023395 0.020796
0 0.522010 0.532895 0.084808 0.084917
0 0.573831 0.523706 0.024058 0.033975
0 0.594633 0.525096 0.011698 0.024262
0 0.609742 0.522497 0.020471 0.022529
0 0.663975 0.513750 0.019775 0.023437
