0 0.774976 0.396291 0.445957 0.776874
2 0.854102 0.088522 0.290028 0.177045
0 0.554544 0.493875 0.104083 0.183650
0 0.595281 0.389229 0.035864 0.031186
0 0.180147 0.430464 0.028457 0.063758
0 0.018175 0.445215 0.017932 0.009702
0 0.005555 0.469867 0.010135 0.057521
0 0.034125 0.468827 0.065382 0.085241
0 0.344409 0.498973 0.333688 0.532238
1 0.119335 0.421652 0.104083 0.181571
0 0.565243 0.367820 0.014423 0.027028
0 0.573040 0.296785 0.010525 0.008316
0 0.485914 0.299211 0.007796 0.022870
0 0.508816 0.417370 0.033525 0.070688
0 0.506575 0.361686 0.010525 0.020098
