0 0.243528 0.350829 0.016795 0.019194
0 0.187744 0.341232 0.010797 0.017062
0 0.175748 0.336967 0.010797 0.012796
0 0.340099 0.361493 0.015595 0.023460
0 0.257324 0.363625 0.013196 0.031990
0 0.389284 0.375888 0.010797 0.017062
0 0.458264 0.380154 0.026392 0.042654
0 0.472660 0.388151 0.021594 0.038389
0 0.487655 0.394550 0.032390 0.046919
0 0.509249 0.398815 0.029991 0.051185
0 0.534441 0.407346 0.053984 0.068246
0 0.588425 0.414277 0.087574 0.093839
0 0.632812 0.438803 0.075578 0.100237
0 0.271719 0.367891 0.034790 0.040521
0 0.316706 0.367891 0.038389 0.066114
0 0.363492 0.394550 0.055184 0.081043
0 0.413877 0.380687 0.033590 0.044787
0 0.721886 0.454265 0.159553 0.164218
