0 0.292857 0.527812 0.031641 0.051562
0 0.180137 0.546562 0.061963 0.098437
0 0.503794 0.496172 0.010547 0.021094
0 0.509727 0.498515 0.011865 0.025781
0 0.518296 0.498515 0.013184 0.030469
0 0.526206 0.503203 0.013184 0.030469
0 0.536094 0.505547 0.017139 0.035156
0 0.553233 0.510234 0.030322 0.044531
0 0.584214 0.510234 0.055371 0.072656
0 0.598716 0.521953 0.034277 0.077344
0 0.626402 0.517265 0.065918 0.105469
0 0.777354 0.497343 0.043506 0.042187
0 0.821519 0.489140 0.113379 0.063281
0 0.932920 0.492656 0.085693 0.056250
0 0.417442 0.493828 0.014502 0.016406
0 0.251329 0.528984 0.067236 0.082031
0 0.702207 0.525468 0.133154 0.145312
0 0.467539 0.496172 0.017139 0.025781
2 0.400303 0.489140 0.025049 0.044531
0 0.079851 0.554765 0.159703 0.152344
