0 0.092388 0.553722 0.055355 0.065144
0 0.138777 0.548177 0.042101 0.048511
0 0.172302 0.543326 0.026508 0.038809
0 0.557057 0.537782 0.049118 0.044353
0 0.609683 0.541247 0.059253 0.073460
0 0.646716 0.542633 0.052236 0.090092
0 0.703240 0.541247 0.109150 0.123357
0 0.299384 0.535010 0.067050 0.049897
0 0.356298 0.534317 0.057694 0.056827
0 0.400738 0.532931 0.043660 0.042967
0 0.519244 0.537782 0.018711 0.022177
0 0.453364 0.531545 0.011695 0.020791
0 0.504431 0.539168 0.014034 0.022177
0 0.486889 0.537089 0.013254 0.018018
0 0.463109 0.530159 0.007796 0.020791
