0 0.527938 0.518557 0.032474 0.055670
3 0.577577 0.536083 0.055670 0.127835
3 0.206791 0.538144 0.017397 0.037113
3 0.089304 0.549485 0.009278 0.026804
3 0.100902 0.547423 0.011598 0.026804
3 0.109601 0.546392 0.008119 0.028866
3 0.115979 0.548454 0.011598 0.028866
3 0.128157 0.544330 0.008119 0.028866
3 0.140915 0.536083 0.015077 0.016495
3 0.141495 0.554639 0.018557 0.020619
3 0.310709 0.535052 0.019716 0.039175
0 0.413003 0.526804 0.091624 0.072165
0 0.771959 0.569072 0.225000 0.222680
0 0.679266 0.531669 0.050689 0.079912
0 0.371786 0.527418 0.047820 0.047607
3 0.332000 0.535920 0.022953 0.030605
