0 0.445042 0.492513 0.023758 0.025029
0 0.445482 0.508157 0.017598 0.021900
0 0.437563 0.510503 0.015839 0.020336
0 0.405005 0.521453 0.061595 0.045365
0 0.369808 0.526928 0.066874 0.071958
0 0.339891 0.533186 0.087992 0.087601
0 0.278736 0.561343 0.161026 0.128273
0 0.261138 0.521453 0.197983 0.092294
0 0.214942 0.573858 0.190064 0.134531
0 0.088672 0.643469 0.176865 0.198667
0 0.117590 0.585590 0.235180 0.189282
0 0.630706 0.515196 0.021998 0.032851
0 0.660624 0.511285 0.058955 0.040672
4 0.840128 0.558997 0.043116 0.104809
0 0.890724 0.545700 0.126709 0.112630
0 0.982067 0.573858 0.034859 0.112630
0 0.947310 0.557432 0.104374 0.117323
0 0.491678 0.506592 0.032557 0.050058
0 0.742457 0.556650 0.169825 0.168946
1 0.543594 0.477652 0.083593 0.176767
