4 0.224206 0.505167 0.023395 0.064121
0 0.846133 0.503434 0.144272 0.140372
4 0.984069 0.532895 0.028269 0.077985
4 0.952387 0.533761 0.044841 0.065854
0 0.673105 0.482638 0.030219 0.039859
0 0.650197 0.482638 0.021446 0.039859
0 0.620953 0.474840 0.021446 0.034660
0 0.605843 0.471374 0.014622 0.020796
0 0.598532 0.466175 0.015597 0.017330
0 0.573187 0.476573 0.027295 0.031194
0 0.429890 0.473973 0.044841 0.046791
0 0.461572 0.476573 0.024370 0.031194
0 0.495202 0.472240 0.021446 0.022529
0 0.507387 0.467908 0.008773 0.013864
0 0.538581 0.454044 0.010723 0.013864
