0 0.059616 0.508295 0.116746 0.172022
0 0.153223 0.497077 0.104125 0.149585
1 0.309411 0.417610 0.100970 0.166413
0 0.364102 0.446592 0.021035 0.056094
0 0.380931 0.446592 0.021035 0.033657
0 0.400388 0.446592 0.032605 0.037396
0 0.461917 0.423219 0.018932 0.028047
0 0.508194 0.464355 0.096763 0.132756
0 0.663856 0.446592 0.075727 0.093490
0 0.697512 0.408261 0.037864 0.031787
0 0.741687 0.459680 0.134626 0.149585
0 0.797430 0.398912 0.092555 0.043006
0 0.879468 0.502686 0.239803 0.261773
0 0.983593 0.391432 0.027346 0.035526
0 0.559205 0.417610 0.022087 0.024307
0 0.548687 0.412935 0.019984 0.022438
