0 0.443148 0.460663 0.014396 0.017062
0 0.428753 0.467061 0.014396 0.038389
0 0.413757 0.475592 0.032390 0.063981
0 0.399361 0.478791 0.039588 0.066114
0 0.282996 0.458531 0.020394 0.038389
0 0.224213 0.506516 0.116365 0.113033
0 0.183426 0.492654 0.082775 0.089573
0 0.329602 0.485189 0.111567 0.153554
1 0.462163 0.454265 0.014396 0.023460
1 0.478958 0.458531 0.011996 0.023460
1 0.502951 0.448933 0.035989 0.081043
0 0.552136 0.462796 0.019194 0.029858
0 0.567731 0.471327 0.031191 0.046919
0 0.586926 0.475592 0.031191 0.055450
1 0.524544 0.458531 0.043187 0.068246
0 0.619316 0.480924 0.055184 0.061848
0 0.742280 0.487322 0.123563 0.125829
