0 0.475875 0.529412 0.011912 0.015882
0 0.466197 0.530736 0.016379 0.023824
0 0.481087 0.545294 0.022335 0.042353
0 0.490765 0.547942 0.029779 0.052941
0 0.510122 0.557206 0.041691 0.076765
0 0.458752 0.550589 0.022335 0.063529
0 0.555833 0.577059 0.087849 0.116471
3 0.355864 0.555883 0.014890 0.026471
2 0.273226 0.538677 0.075938 0.071471
2 0.407383 0.534706 0.092316 0.164118
0 0.117629 0.574412 0.110184 0.116471
0 0.295561 0.554559 0.058070 0.071471
0 0.690287 0.630000 0.193566 0.206471
0 0.032757 0.599559 0.065515 0.140294
