0 0.076655 0.542498 0.151602 0.169964
0 0.177723 0.531572 0.080581 0.114119
0 0.287668 0.507291 0.057363 0.060701
0 0.324544 0.502435 0.032779 0.050989
0 0.343665 0.502435 0.019121 0.041277
0 0.357323 0.500007 0.019121 0.041277
0 0.372347 0.501221 0.019121 0.033993
0 0.386687 0.501221 0.017755 0.033993
0 0.396931 0.496365 0.016389 0.029137
0 0.407857 0.503649 0.013658 0.019424
0 0.416735 0.503649 0.012292 0.019424
0 0.618188 0.502435 0.073752 0.070414
0 0.451391 0.506857 0.015024 0.016996
0 0.577044 0.522640 0.110628 0.106835
0 0.473927 0.503215 0.010926 0.033993
0 0.482804 0.504429 0.028681 0.041277
