0 0.116197 0.601640 0.026367 0.035156
0 0.096421 0.599296 0.013184 0.039844
0 0.070054 0.587578 0.026367 0.063281
0 0.153111 0.599296 0.047461 0.049219
0 0.280332 0.622734 0.043506 0.058594
0 0.338340 0.625078 0.014502 0.035156
0 0.366685 0.642656 0.052734 0.079687
0 0.529502 0.649687 0.014502 0.018750
0 0.551255 0.659062 0.031641 0.070312
0 0.563120 0.666093 0.034277 0.093750
0 0.755601 0.689531 0.060644 0.037500
0 0.709458 0.683671 0.060644 0.030469
1 0.619151 0.680156 0.104150 0.150000
1 0.443809 0.712968 0.185889 0.257812
1 0.035027 0.602812 0.070054 0.117187
