0 0.528656 0.539218 0.016795 0.027725
0 0.511261 0.543483 0.017995 0.031991
0 0.496265 0.543483 0.019194 0.036256
0 0.480070 0.553080 0.022793 0.042654
0 0.463275 0.566943 0.034790 0.049052
0 0.429085 0.574407 0.038389 0.063981
0 0.378700 0.571208 0.067180 0.108768
0 0.296524 0.604265 0.135560 0.140758
0 0.223946 0.597867 0.043187 0.093839
0 0.109380 0.634123 0.217136 0.307109
0 0.551449 0.539218 0.014396 0.023460
0 0.564645 0.546682 0.021594 0.025592
0 0.588638 0.545616 0.011996 0.031991
0 0.599434 0.548815 0.019194 0.038389
0 0.612031 0.554147 0.022793 0.036256
0 0.626426 0.556279 0.022793 0.049052
0 0.640222 0.557346 0.026392 0.059716
0 0.663016 0.560545 0.047986 0.091706
0 0.714600 0.569075 0.086374 0.151422
0 0.745191 0.585071 0.061182 0.179147
0 0.953871 0.761018 0.092257 0.292180
0 0.868097 0.617061 0.263806 0.371090
