0 0.324245 0.514577 0.016824 0.059819
0 0.338775 0.519335 0.033648 0.061178
0 0.454860 0.485347 0.032119 0.040785
0 0.426183 0.493505 0.035942 0.048943
0 0.515350 0.490106 0.049707 0.063897
0 0.559704 0.488066 0.061943 0.070695
0 0.595264 0.465634 0.016824 0.017674
0 0.616653 0.484940 0.070307 0.078036
0 0.054095 0.532523 0.107062 0.099789
0 0.275226 0.503293 0.019118 0.013595
0 0.755606 0.504672 0.032883 0.058459
0 0.675957 0.609607 0.211954 0.326284
0 0.871436 0.487251 0.191182 0.146828
0 0.473494 0.498943 0.055825 0.057100
0 0.380580 0.526133 0.081061 0.108761
