0 0.790770 0.681172 0.208118 0.188511
0 0.604809 0.634607 0.079924 0.087503
1 0.524516 0.602110 0.083089 0.146307
0 0.165782 0.651113 0.064097 0.062368
0 0.228429 0.636108 0.047479 0.054865
0 0.271292 0.627667 0.035610 0.046424
0 0.298197 0.622274 0.019783 0.036577
0 0.323652 0.618523 0.021102 0.027198
0 0.341984 0.615474 0.014508 0.023916
0 0.371395 0.614068 0.011079 0.018288
0 0.361899 0.616178 0.009496 0.016882
0 0.047875 0.665205 0.095750 0.103118
0 0.146791 0.635170 0.021366 0.025322
0 0.200205 0.623212 0.034818 0.029543
0 0.965637 0.685373 0.066562 0.068614
0 0.578854 0.614771 0.034027 0.059086
0 0.434343 0.609278 0.015077 0.024742
0 0.478415 0.607217 0.017397 0.032990
