4 0.727563 0.688602 0.032517 0.119018
0 0.227143 0.616342 0.092770 0.102015
0 0.346214 0.607840 0.042081 0.054408
1 0.385904 0.592538 0.031561 0.047607
1 0.297916 0.606990 0.058340 0.083312
0 0.069270 0.531086 0.137720 0.331549
0 0.444722 0.549607 0.011477 0.020403
0 0.459068 0.540680 0.007651 0.013602
0 0.470067 0.536430 0.008608 0.011902
0 0.482227 0.562298 0.010520 0.023804
0 0.471980 0.544931 0.008608 0.017003
1 0.460677 0.557630 0.010520 0.032305
0 0.448867 0.574685 0.011477 0.017003
0 0.456199 0.578936 0.009564 0.013602
0 0.481543 0.599339 0.016259 0.023804
0 0.441853 0.629094 0.059296 0.086713
1 0.533189 0.590959 0.052602 0.074811
