0 0.372179 0.473644 0.011155 0.018305
0 0.384192 0.489661 0.018019 0.022881
0 0.360167 0.488898 0.016303 0.024407
0 0.339145 0.483559 0.018877 0.022881
0 0.379902 0.506441 0.014587 0.022881
0 0.404356 0.507203 0.025742 0.036610
0 0.426237 0.516356 0.021451 0.036610
0 0.347296 0.507966 0.028316 0.025932
0 0.377757 0.538474 0.024025 0.038136
0 0.528345 0.555254 0.043761 0.071695
0 0.341719 0.530085 0.020593 0.024407
0 0.318551 0.535424 0.025742 0.041186
0 0.329706 0.511780 0.017161 0.021356
0 0.361454 0.549152 0.040328 0.044237
0 0.465278 0.556017 0.090095 0.134237
0 0.269413 0.547736 0.060922 0.059492
0 0.227169 0.544576 0.029174 0.050339
0 0.208292 0.540763 0.017161 0.048814
0 0.181263 0.550678 0.049767 0.056441
0 0.119698 0.560593 0.060922 0.071695
0 0.053628 0.565932 0.069502 0.085424
0 0.009653 0.578898 0.018877 0.073220
0 0.611652 0.581949 0.086663 0.114407
0 0.704751 0.584237 0.161314 0.189153
0 0.859981 0.610932 0.275434 0.274576
