0 0.530842 0.523045 0.013196 0.025592
0 0.496653 0.519846 0.009597 0.023460
0 0.489455 0.523045 0.007198 0.025592
0 0.481057 0.522938 0.011996 0.029858
0 0.464262 0.521872 0.026392 0.044787
0 0.460663 0.531469 0.019194 0.051185
0 0.436670 0.527203 0.040788 0.063981
0 0.422874 0.542132 0.046786 0.063981
0 0.392284 0.542132 0.026392 0.059716
0 0.299311 0.538933 0.049185 0.070379
0 0.270520 0.550663 0.034790 0.063981
0 0.575829 0.517606 0.033590 0.061848
0 0.593824 0.530402 0.031191 0.053317
0 0.596823 0.540000 0.020394 0.042654
0 0.623215 0.534668 0.046786 0.074644
0 0.641210 0.542132 0.034790 0.081043
0 0.653206 0.551729 0.044387 0.095971
0 0.702991 0.557061 0.100770 0.136493
0 0.769571 0.587985 0.130761 0.142891
0 0.128962 0.510782 0.226733 0.196919
0 0.126562 0.636966 0.253125 0.243128
1 0.244128 0.506872 0.025193 0.153554
0 0.032390 0.532464 0.064781 0.187678
2 0.547637 0.512914 0.020394 0.044787
2 0.342498 0.513981 0.085175 0.063981
2 0.404280 0.499052 0.028791 0.029858
2 0.391684 0.500118 0.017995 0.023460
0 0.350896 0.552369 0.099570 0.132227
0 0.512248 0.540639 0.043187 0.066114
0 0.912629 0.538507 0.171549 0.439336
