0 0.468820 0.381703 0.016381 0.018721
0 0.444249 0.384823 0.014041 0.020801
0 0.431378 0.390023 0.014041 0.018721
0 0.413242 0.393144 0.019891 0.020801
0 0.392766 0.395224 0.021061 0.016641
0 0.369949 0.401464 0.022231 0.020801
0 0.351813 0.404584 0.014041 0.022881
0 0.313201 0.407704 0.030422 0.037442
0 0.622099 0.354661 0.046803 0.064484
0 0.580562 0.364022 0.031592 0.058243
0 0.543705 0.377543 0.023401 0.031202
0 0.218425 0.424345 0.044463 0.058243
0 0.288044 0.422265 0.019891 0.045763
1 0.804630 0.289137 0.215293 0.241294
1 0.955569 0.298498 0.086585 0.268336
0 0.523814 0.371302 0.011701 0.018721
0 0.020872 0.466988 0.041745 0.031202
