0 0.227813 0.501618 0.041691 0.050294
0 0.187610 0.504265 0.053603 0.055588
0 0.128796 0.509559 0.072960 0.071471
0 0.052858 0.520147 0.084871 0.092647
0 0.490914 0.464559 0.013401 0.018529
0 0.477513 0.464559 0.016379 0.018529
0 0.430611 0.473824 0.017868 0.026471
0 0.416465 0.469853 0.013401 0.018529
0 0.554493 0.469853 0.011912 0.013235
0 0.566405 0.471177 0.014890 0.015882
0 0.576083 0.468530 0.013401 0.015882
0 0.587250 0.469853 0.014890 0.018529
0 0.592462 0.467206 0.010423 0.029118
0 0.601396 0.468530 0.013401 0.026471
0 0.609585 0.469853 0.017868 0.029118
0 0.691925 0.471177 0.061048 0.084706
0 0.709048 0.480442 0.041691 0.076765
2 0.373136 0.463236 0.062537 0.079412
0 0.270248 0.496324 0.067004 0.066177
0 0.381772 0.483089 0.050625 0.060882
0 0.460241 0.473824 0.028290 0.031765
0 0.526500 0.477794 0.044669 0.071471
0 0.628346 0.473824 0.023824 0.031765
0 0.756844 0.481765 0.090827 0.095294
0 0.012656 0.541324 0.025313 0.060882
0 0.930905 0.522794 0.136985 0.166765
