0 0.156621 0.570000 0.039023 0.048750
0 0.303223 0.563437 0.013711 0.020625
0 0.307969 0.555937 0.008437 0.016875
0 0.293203 0.570000 0.012656 0.022500
0 0.286348 0.575625 0.013711 0.022500
0 0.273691 0.572812 0.020039 0.035625
0 0.255234 0.567187 0.014766 0.024375
0 0.234668 0.569062 0.022148 0.043125
0 0.283183 0.554062 0.011602 0.013125
1 0.039023 0.529687 0.078047 0.144375
0 0.292359 0.545625 0.010547 0.015000
0 0.312926 0.532500 0.013711 0.011250
0 0.301324 0.531562 0.011602 0.009375
0 0.282867 0.535312 0.010547 0.016875
0 0.200601 0.570000 0.056953 0.060000
0 0.261246 0.576562 0.026367 0.035625
0 0.249644 0.543750 0.011602 0.015000
0 0.236461 0.539062 0.008437 0.013125
0 0.091758 0.576562 0.126562 0.129375
0 0.015820 0.574687 0.031641 0.095625
0 0.411750 0.586875 0.056953 0.037500
0 0.610769 0.597187 0.083320 0.061875
1 0.473871 0.574687 0.119180 0.076875
