0 0.347997 0.503150 0.009567 0.012756
0 0.336636 0.502087 0.010763 0.019134
0 0.324080 0.507402 0.014350 0.021260
0 0.301956 0.501024 0.025113 0.038268
0 0.276843 0.499961 0.032288 0.031890
0 0.243359 0.486142 0.034680 0.055276
0 0.220637 0.492520 0.034680 0.068032
0 0.170411 0.490394 0.082515 0.089291
0 0.390450 0.506339 0.010763 0.019134
0 0.401213 0.508465 0.013155 0.027638
0 0.418553 0.505276 0.019134 0.051024
0 0.431708 0.510591 0.021526 0.048898
0 0.456821 0.511654 0.055010 0.063780
0 0.051422 0.489331 0.102845 0.176457
4 0.115999 0.526536 0.040659 0.106299
0 0.711274 0.621114 0.303087 0.296166
0 0.356740 0.502750 0.010518 0.020568
