0 0.007251 0.706250 0.014502 0.065625
0 0.049438 0.700390 0.072510 0.063281
0 0.119971 0.675781 0.042187 0.051562
0 0.164136 0.664062 0.035596 0.037500
0 0.352661 0.623046 0.040869 0.053906
0 0.382324 0.619531 0.021094 0.046875
0 0.401440 0.618359 0.014502 0.035156
0 0.423193 0.613281 0.029004 0.042187
0 0.435058 0.603125 0.015820 0.037500
0 0.446924 0.593750 0.018457 0.028125
0 0.466040 0.608984 0.027686 0.039844
0 0.491089 0.592578 0.017139 0.030469
0 0.557666 0.605468 0.084375 0.051562
0 0.477905 0.571484 0.009229 0.021094
0 0.516797 0.591406 0.010547 0.032812
0 0.505590 0.576171 0.006592 0.025781
0 0.562939 0.569140 0.023730 0.025781
0 0.714641 0.625000 0.100014 0.157812
0 0.836021 0.771093 0.324316 0.435937
