0 0.153984 0.518141 0.090703 0.065033
0 0.274746 0.516562 0.041133 0.043125
0 0.324916 0.512062 0.044442 0.033375
0 0.373432 0.506437 0.033895 0.037125
0 0.426166 0.508125 0.014911 0.015000
0 0.402890 0.510937 0.016875 0.020625
0 0.510614 0.506625 0.018984 0.030000
0 0.530653 0.511312 0.018984 0.028125
0 0.863261 0.539062 0.106523 0.058125
0 0.784160 0.515625 0.015820 0.018750
0 0.760957 0.514687 0.032695 0.016875
0 0.725625 0.517500 0.016875 0.022500
0 0.710332 0.515625 0.020039 0.022500
0 0.588515 0.516562 0.018984 0.031875
0 0.560566 0.534375 0.041133 0.056250
0 0.479355 0.535312 0.062227 0.088125
0 0.895957 0.605625 0.142383 0.142500
0 0.927597 0.643125 0.142383 0.243750
