0 0.092388 0.419276 0.108371 0.103953
0 0.022220 0.422741 0.044440 0.138604
0 0.918033 0.462243 0.049118 0.070688
0 0.147743 0.401258 0.019491 0.029107
0 0.504041 0.422741 0.028847 0.038809
0 0.485719 0.420662 0.020271 0.040195
0 0.472465 0.422741 0.017152 0.030493
0 0.422568 0.417197 0.007796 0.022177
0 0.394111 0.415118 0.013254 0.020791
0 0.332909 0.407495 0.009356 0.024949
0 0.187895 0.399872 0.014034 0.012474
0 0.196860 0.401258 0.010135 0.020791
0 0.222979 0.395020 0.014034 0.022177
0 0.317706 0.410267 0.019491 0.024949
0 0.300164 0.401951 0.014034 0.019405
0 0.348112 0.409574 0.013254 0.023563
0 0.377348 0.414425 0.018711 0.022177
0 0.529769 0.418583 0.044440 0.049897
0 0.622547 0.435908 0.070948 0.070688
0 0.311079 0.382546 0.007796 0.011088
0 0.452378 0.415078 0.026367 0.035156
0 0.431284 0.418593 0.018457 0.032812
0 0.409532 0.416250 0.019775 0.028125
