0 0.437228 0.376503 0.018721 0.029122
0 0.450099 0.376503 0.009361 0.029122
0 0.458290 0.374422 0.018721 0.033282
0 0.473501 0.378583 0.021061 0.029122
0 0.496317 0.373382 0.015211 0.039522
0 0.519718 0.385863 0.026912 0.043683
0 0.583487 0.398344 0.063184 0.072804
0 0.379895 0.375463 0.021061 0.035362
0 0.280439 0.385863 0.032762 0.047843
0 0.264058 0.394184 0.025742 0.043683
0 0.239487 0.396264 0.039782 0.052003
0 0.213745 0.396264 0.039782 0.060324
0 0.158752 0.394184 0.093606 0.093606
0 0.360589 0.381703 0.026912 0.027042
