0 0.487148 0.474255 0.003898 0.012474
0 0.490267 0.478414 0.007017 0.012474
0 0.497284 0.475642 0.007017 0.012474
0 0.503131 0.482572 0.012474 0.023563
0 0.521843 0.479800 0.009356 0.020791
0 0.512487 0.483265 0.014034 0.027721
0 0.533148 0.483958 0.017932 0.029107
0 0.534317 0.488116 0.010915 0.029107
0 0.544452 0.490195 0.014034 0.030493
0 0.551469 0.495046 0.015593 0.031879
0 0.478183 0.478414 0.014034 0.020791
0 0.465318 0.479800 0.010135 0.018018
0 0.459081 0.483958 0.011695 0.018018
0 0.455963 0.482572 0.011695 0.012474
0 0.451675 0.483958 0.014034 0.015246
0 0.416591 0.498511 0.038982 0.019405
0 0.400608 0.523460 0.075626 0.047125
0 0.269757 0.563193 0.082642 0.121971
0 0.490787 0.513989 0.033525 0.045739
0 0.721302 0.517454 0.080303 0.127515
0 0.591881 0.515375 0.083422 0.123357
0 0.846573 0.591607 0.306401 0.400565
1 0.260246 0.491489 0.210504 0.257803
1 0.122248 0.604450 0.243249 0.505903
