1 0.228456 0.504152 0.017161 0.021356
1 0.352954 0.506441 0.042903 0.059492
0 0.093742 0.529322 0.101250 0.099153
0 0.033035 0.520780 0.026600 0.021356
0 0.151017 0.516966 0.008581 0.010678
0 0.170752 0.513915 0.024025 0.016780
0 0.241112 0.511627 0.017161 0.012203
0 0.266854 0.508576 0.013729 0.009153
0 0.280583 0.509339 0.008581 0.007627
0 0.484370 0.507813 0.016303 0.013729
0 0.308898 0.512390 0.024025 0.025932
0 0.377971 0.508576 0.011155 0.030508
0 0.401139 0.503237 0.007722 0.010678
0 0.388697 0.504000 0.008581 0.012203
