0 0.488467 0.497985 0.015595 0.023460
0 0.471672 0.499052 0.017995 0.042654
0 0.526856 0.501185 0.015595 0.021327
0 0.506462 0.501185 0.020394 0.038389
4 0.428485 0.512914 0.005998 0.019194
0 0.452478 0.508649 0.032390 0.044787
1 0.411090 0.489455 0.040788 0.057583
0 0.399094 0.503317 0.021594 0.042654
1 0.358306 0.487322 0.059982 0.087441
0 0.298324 0.520379 0.059982 0.046919
0 0.171162 0.538507 0.160752 0.147156
0 0.067586 0.547038 0.135172 0.223934
1 0.577841 0.484123 0.045586 0.093839
0 0.592237 0.512914 0.040788 0.057583
0 0.981212 0.518246 0.036570 0.072512
