0 0.230776 0.542643 0.078516 0.104167
0 0.404213 0.539518 0.064453 0.072917
0 0.696596 0.545768 0.049219 0.064583
0 0.359682 0.519726 0.045703 0.062500
0 0.446561 0.514518 0.028125 0.043750
0 0.666287 0.537435 0.022266 0.060417
0 0.644608 0.524935 0.037500 0.056250
0 0.616483 0.513476 0.028125 0.054167
0 0.586600 0.513476 0.019922 0.033333
0 0.536049 0.502018 0.016406 0.035417
0 0.553627 0.506185 0.018750 0.031250
0 0.949881 0.561393 0.094922 0.162500
0 0.884256 0.523893 0.080859 0.062500
0 0.767654 0.523893 0.065625 0.041667
