0 0.157725 0.532500 0.017139 0.032812
0 0.138609 0.539531 0.029004 0.037500
0 0.109605 0.534843 0.031641 0.046875
0 0.089170 0.543046 0.025049 0.039844
0 0.073350 0.539531 0.022412 0.051562
0 0.054234 0.544218 0.026367 0.056250
0 0.033140 0.544218 0.029004 0.065625
0 0.234849 0.538359 0.018457 0.053906
0 0.271763 0.547734 0.073828 0.072656
0 0.347569 0.574687 0.114697 0.093750
1 0.366685 0.545390 0.189844 0.105469
1 0.184751 0.537187 0.026367 0.046875
0 0.420078 0.593437 0.162158 0.112500
0 0.017888 0.552421 0.035777 0.072656
0 0.771421 0.551250 0.065918 0.070312
