0 0.509825 0.428049 0.021446 0.024262
0 0.543943 0.425449 0.027295 0.036393
0 0.575624 0.426316 0.032169 0.041592
0 0.606330 0.438447 0.038992 0.076252
0 0.636550 0.439313 0.052640 0.129974
0 0.663844 0.442779 0.056539 0.154236
0 0.398696 0.429782 0.033143 0.062388
0 0.257349 0.439313 0.064337 0.077985
0 0.120538 0.469230 0.051963 0.058101
0 0.057916 0.474174 0.073281 0.057590
0 0.326561 0.444512 0.021446 0.022529
0 0.350327 0.445379 0.022654 0.024262
0 0.444512 0.433248 0.066287 0.103980
0 0.802754 0.424583 0.275871 0.356996
0 0.367344 0.442031 0.014502 0.028125
