0 0.573251 0.623221 0.050531 0.066128
0 0.478925 0.639441 0.050531 0.076109
0 0.403128 0.637569 0.044917 0.057394
0 0.364177 0.613863 0.035793 0.047412
0 0.450852 0.621349 0.030880 0.042421
0 0.545950 0.622597 0.028775 0.037431
0 0.522088 0.620102 0.018949 0.032440
0 0.510157 0.617606 0.016142 0.027449
0 0.435412 0.610744 0.018247 0.028697
0 0.958623 0.631955 0.080710 0.111044
0 0.837796 0.637821 0.130063 0.071863
0 0.059866 0.640065 0.117205 0.102311
0 0.240235 0.621973 0.040004 0.051155
0 0.281292 0.616358 0.033688 0.039926
0 0.319541 0.615111 0.038600 0.042421
