0 0.078472 0.547625 0.156944 0.311939
0 0.150120 0.468774 0.185213 0.227022
0 0.251013 0.454044 0.084808 0.121309
0 0.293905 0.444512 0.034118 0.077985
0 0.311939 0.436714 0.035093 0.076252
0 0.331435 0.432381 0.023395 0.046791
0 0.337771 0.423716 0.034118 0.050257
0 0.357267 0.420250 0.012673 0.039859
0 0.906084 0.640340 0.186188 0.469641
0 0.686265 0.492170 0.261249 0.318870
1 0.835410 0.383858 0.157919 0.081451
0 0.545892 0.441046 0.095531 0.181964
1 0.463034 0.382125 0.068237 0.147304
0 0.385537 0.424583 0.034118 0.038126
0 0.395285 0.411586 0.028269 0.043325
0 0.412344 0.420250 0.009748 0.025995
0 0.422092 0.411586 0.013647 0.022529
