0 0.488767 0.594915 0.010297 0.012203
0 0.478471 0.596441 0.010297 0.015254
0 0.467745 0.598729 0.011155 0.028983
0 0.462597 0.601017 0.011155 0.027458
0 0.457019 0.602542 0.012013 0.024407
0 0.453158 0.601017 0.012871 0.027458
0 0.445007 0.603305 0.017161 0.035085
0 0.441145 0.605593 0.016303 0.033559
0 0.427416 0.606356 0.019735 0.047288
0 0.411543 0.607881 0.036038 0.056441
0 0.407681 0.614746 0.024883 0.051864
0 0.383227 0.617034 0.060064 0.071695
0 0.335176 0.620847 0.066928 0.085424
0 0.260955 0.589576 0.054057 0.028983
0 0.282835 0.639152 0.099534 0.103729
0 0.154985 0.656695 0.197352 0.184576
0 0.720056 0.673474 0.132998 0.224237
0 0.033035 0.585763 0.066070 0.100678
0 0.026171 0.595678 0.052341 0.080847
0 0.038183 0.687966 0.074650 0.225763
0 0.846011 0.757373 0.307129 0.376780
0 0.572320 0.684915 0.188771 0.314237
