0 0.261620 0.437034 0.009439 0.010678
0 0.255184 0.441610 0.008581 0.010678
0 0.249178 0.440085 0.006864 0.013729
0 0.243601 0.437797 0.007722 0.012203
0 0.238452 0.438559 0.007722 0.013729
0 0.231588 0.437034 0.009439 0.016780
0 0.226869 0.440085 0.008581 0.016780
0 0.149215 0.446186 0.016303 0.038136
0 0.117896 0.449237 0.070360 0.062542
0 0.310185 0.442881 0.012871 0.015254
0 0.324343 0.442881 0.012013 0.018305
0 0.463455 0.493257 0.143294 0.187627
0 0.983970 0.424608 0.030890 0.027012
0 0.977963 0.450000 0.041186 0.050339
0 0.930341 0.444661 0.036896 0.054915
0 0.890442 0.447712 0.077225 0.054915
2 0.779754 0.406525 0.217945 0.143390
0 0.779325 0.448093 0.088379 0.064830
4 0.545398 0.453378 0.039470 0.047288
