2 0.326889 0.585218 0.126716 0.071826
0 0.300261 0.598277 0.058767 0.039178
3 0.247463 0.613785 0.028465 0.031016
0 0.231394 0.600726 0.029383 0.044075
0 0.177677 0.577056 0.022956 0.016324
0 0.204765 0.600726 0.064276 0.044075
0 0.166199 0.604807 0.078968 0.042443
0 0.111106 0.596645 0.044075 0.039178
0 0.067475 0.588041 0.052369 0.038296
0 0.563323 0.622784 0.050147 0.078962
0 0.640311 0.672963 0.153308 0.198679
0 0.729860 0.579991 0.068774 0.058585
0 0.795768 0.564708 0.065908 0.028019
0 0.851252 0.757473 0.293165 0.483963
0 0.451783 0.743463 0.256468 0.399906
