0 0.534116 0.439922 0.010547 0.030469
0 0.526865 0.441093 0.017139 0.046875
0 0.516978 0.445781 0.015820 0.037500
0 0.509068 0.445781 0.015820 0.056250
0 0.495225 0.451640 0.032959 0.067969
0 0.476768 0.450468 0.022412 0.070312
0 0.463584 0.457500 0.038232 0.098437
0 0.429966 0.471562 0.073828 0.126562
0 0.377891 0.493828 0.104150 0.166406
0 0.231553 0.516093 0.251806 0.276562
0 0.590147 0.452812 0.011865 0.032812
0 0.596079 0.449297 0.015820 0.035156
0 0.605308 0.455156 0.026367 0.051562
0 0.617173 0.465703 0.029004 0.053906
0 0.633653 0.468047 0.046143 0.063281
0 0.658701 0.480937 0.027686 0.089062
0 0.694297 0.497343 0.085693 0.154687
0 0.801743 0.507890 0.203027 0.241406
0 0.554551 0.442265 0.027686 0.030469
0 0.066668 0.598125 0.133335 0.435937
0 0.909189 0.625078 0.180615 0.442968
