0 0.480723 0.513750 0.017139 0.032812
0 0.494566 0.523125 0.026367 0.084375
0 0.532139 0.536015 0.075146 0.100781
0 0.396348 0.520781 0.019775 0.042187
0 0.346250 0.521953 0.017139 0.025781
0 0.331089 0.525468 0.023730 0.028125
0 0.311973 0.530156 0.022412 0.037500
0 0.298130 0.527812 0.013184 0.032812
0 0.285606 0.530156 0.019775 0.042187
0 0.269126 0.531328 0.036914 0.053906
0 0.235508 0.541875 0.046143 0.070312
0 0.199253 0.550078 0.044824 0.067969
0 0.162339 0.557109 0.060644 0.082031
0 0.100377 0.572343 0.079102 0.093750
0 0.375254 0.518437 0.014502 0.023437
0 0.439854 0.545390 0.093603 0.161719
0 0.805039 0.627421 0.388916 0.424218
0 0.037664 0.598125 0.075328 0.117187
