0 0.182388 0.477539 0.090926 0.088607
0 0.261279 0.472044 0.066270 0.080390
0 0.309617 0.473430 0.030406 0.047125
0 0.334955 0.468579 0.018711 0.040195
0 0.334565 0.443631 0.016373 0.012474
0 0.348599 0.467193 0.010135 0.040195
0 0.358345 0.467193 0.007796 0.037423
0 0.373937 0.465114 0.024949 0.033265
0 0.411360 0.458877 0.017152 0.020791
0 0.435529 0.451947 0.020271 0.034651
0 0.466715 0.456105 0.010915 0.015246
0 0.485427 0.456798 0.017152 0.019405
0 0.504138 0.462342 0.012474 0.016632
0 0.525579 0.469965 0.038203 0.054055
0 0.574306 0.470658 0.037423 0.041581
0 0.605492 0.481054 0.037423 0.054055
0 0.605102 0.469965 0.030406 0.054055
0 0.646646 0.490756 0.064711 0.087320
0 0.749337 0.453333 0.049118 0.031879
0 0.791438 0.456798 0.047558 0.044353
0 0.849521 0.468579 0.071727 0.051283
0 0.859267 0.445017 0.083422 0.029107
0 0.896300 0.469965 0.053016 0.054055
0 0.957600 0.444225 0.031965 0.041581
