0 0.215964 0.565564 0.091507 0.099550
0 0.584726 0.554638 0.039608 0.048561
0 0.491853 0.529144 0.009560 0.026709
0 0.505511 0.527929 0.012292 0.014568
0 0.305423 0.550996 0.060094 0.075270
0 0.974657 0.805942 0.049168 0.264658
0 0.879603 0.695466 0.238749 0.237950
0 0.754766 0.615340 0.166626 0.184533
0 0.664624 0.603199 0.071021 0.106835
0 0.632528 0.583775 0.053266 0.087410
0 0.349811 0.543712 0.039608 0.055845
0 0.379859 0.541284 0.025950 0.041277
0 0.394882 0.538856 0.020487 0.041277
0 0.411954 0.543712 0.016389 0.036421
0 0.421515 0.542498 0.013658 0.029137
0 0.433124 0.537642 0.012292 0.024281
0 0.438587 0.541284 0.012292 0.021853
0 0.448148 0.537642 0.009560 0.029137
0 0.455659 0.536428 0.016389 0.012140
0 0.465220 0.530358 0.008195 0.019424
2 0.558093 0.530358 0.043705 0.082554
0 0.531460 0.540070 0.009560 0.029137
0 0.524632 0.538856 0.012292 0.021853
0 0.519168 0.538856 0.009560 0.021853
0 0.033888 0.536428 0.067777 0.084982
1 0.484341 0.510933 0.013658 0.014568
