0 0.472294 0.583585 0.018521 0.029461
0 0.466933 0.591990 0.011698 0.031194
0 0.447437 0.586791 0.029244 0.041592
0 0.433302 0.595456 0.020471 0.045058
0 0.411369 0.594589 0.037043 0.053723
0 0.377738 0.604987 0.055564 0.057189
0 0.303165 0.607587 0.083833 0.103980
0 0.226643 0.623184 0.098456 0.145571
0 0.096506 0.650045 0.193012 0.223556
0 0.530295 0.619545 0.115027 0.171566
0 0.585860 0.590084 0.015597 0.043325
0 0.605356 0.591817 0.023395 0.046791
0 0.609742 0.599615 0.020471 0.041592
0 0.628264 0.603948 0.043866 0.050257
0 0.686265 0.608280 0.079934 0.131707
0 0.753526 0.629942 0.142322 0.171566
0 0.933768 0.706194 0.129649 0.365661
