0 0.449386 0.384551 0.007798 0.012131
0 0.445487 0.373286 0.007798 0.010398
0 0.427941 0.368087 0.007798 0.010398
0 0.416730 0.368954 0.008773 0.012131
0 0.436714 0.372420 0.007798 0.012131
0 0.440126 0.385417 0.010723 0.013864
0 0.426966 0.380218 0.011698 0.013864
0 0.458160 0.381085 0.007798 0.012131
0 0.486917 0.423543 0.008773 0.013864
0 0.491303 0.433941 0.013647 0.010398
0 0.491791 0.447805 0.010723 0.017330
0 0.498127 0.462535 0.013647 0.032927
0 0.339216 0.559509 0.392848 0.388190
2 0.748254 0.424104 0.500042 0.838020
0 0.108516 0.496699 0.214918 0.397359
