0 0.455515 0.461042 0.023246 0.035204
0 0.423659 0.455685 0.011193 0.018367
0 0.404287 0.454920 0.006888 0.016837
0 0.412794 0.457180 0.013981 0.021356
2 0.391376 0.444898 0.028856 0.064286
2 0.361451 0.444404 0.039605 0.087245
0 0.305057 0.467363 0.021524 0.035204
0 0.284394 0.464302 0.033578 0.029082
0 0.280520 0.488026 0.041327 0.055102
0 0.174620 0.473973 0.024107 0.021429
0 0.216808 0.460197 0.074043 0.052041
0 0.228000 0.509177 0.101594 0.131633
0 0.043831 0.499993 0.087662 0.116327
0 0.092828 0.543615 0.184248 0.194388
0 0.478904 0.464388 0.028412 0.064286
0 0.519369 0.468980 0.059407 0.094898
0 0.334774 0.487245 0.061129 0.079592
0 0.539685 0.496429 0.064573 0.085714
0 0.988625 0.519685 0.018941 0.113265
1 0.954617 0.450807 0.086958 0.171429
