0 0.387867 0.516735 0.019802 0.018367
0 0.345679 0.506786 0.028412 0.032143
0 0.327599 0.513674 0.018080 0.021429
0 0.291438 0.519796 0.014636 0.018367
0 0.269914 0.519796 0.028412 0.024490
0 0.243654 0.525919 0.012054 0.012245
0 0.492991 0.512908 0.012054 0.013776
0 0.554551 0.509082 0.016358 0.021429
0 0.569618 0.510612 0.013776 0.027551
0 0.578658 0.512908 0.014636 0.032143
0 0.592433 0.517500 0.024968 0.035204
0 0.608792 0.525153 0.016358 0.032143
0 0.628164 0.523623 0.030995 0.050510
0 0.641509 0.532041 0.026690 0.045918
0 0.661741 0.534337 0.039605 0.059694
0 0.692306 0.541225 0.057685 0.067347
0 0.957829 0.580102 0.082653 0.160714
0 0.539613 0.511607 0.021524 0.030612
0 0.518089 0.518495 0.021524 0.032143
