0 0.569004 0.590625 0.007910 0.023437
0 0.547251 0.594140 0.006592 0.021094
0 0.539340 0.594140 0.009229 0.021094
0 0.530771 0.596484 0.013184 0.021094
0 0.518247 0.594140 0.011865 0.025781
0 0.454966 0.605859 0.017139 0.016406
0 0.437827 0.609375 0.019775 0.018750
0 0.413569 0.608203 0.019775 0.035156
0 0.346333 0.610546 0.046143 0.058594
0 0.499262 0.602343 0.035596 0.042187
0 0.627802 0.591796 0.007910 0.025781
0 0.617255 0.590625 0.007910 0.023437
0 0.473818 0.601171 0.013184 0.025781
0 0.650214 0.592968 0.015820 0.028125
0 0.706904 0.591796 0.015820 0.030469
0 0.677241 0.595312 0.011865 0.023437
0 0.687128 0.596484 0.007910 0.021094
1 0.743027 0.581250 0.026367 0.042187
