0 0.357339 0.365062 0.030422 0.047843
0 0.374305 0.376503 0.017551 0.054083
0 0.384251 0.374422 0.021061 0.070724
0 0.408823 0.375463 0.049143 0.089445
0 0.465571 0.368182 0.080735 0.112327
0 0.473176 0.392104 0.067864 0.135208
0 0.552156 0.399384 0.150939 0.199692
0 0.308196 0.373382 0.009361 0.018721
0 0.301176 0.375463 0.007020 0.022881
0 0.284210 0.365062 0.015211 0.022881
0 0.291816 0.376503 0.021061 0.029122
0 0.243843 0.382743 0.014041 0.033282
0 0.232727 0.390023 0.022231 0.047843
0 0.212836 0.396264 0.033932 0.056163
0 0.181829 0.408745 0.049143 0.064484
0 0.262681 0.385863 0.043293 0.064484
0 0.328790 0.376503 0.035102 0.054083
0 0.123910 0.407704 0.022231 0.041602
0 0.065758 0.490909 0.131516 0.370262
0 0.768444 0.443067 0.403674 0.351541
