0 0.461970 0.378668 0.019849 0.034148
0 0.444363 0.378668 0.011525 0.025042
0 0.441161 0.382083 0.012806 0.034148
0 0.428996 0.383221 0.021770 0.040978
0 0.414589 0.392327 0.045460 0.059191
0 0.385136 0.376391 0.021129 0.054637
0 0.365928 0.387774 0.039057 0.059191
0 0.341277 0.399726 0.040978 0.062605
0 0.306702 0.408832 0.066589 0.076265
0 0.224852 0.412247 0.109488 0.119519
0 0.115684 0.432736 0.121654 0.112690
0 0.060620 0.409401 0.055064 0.088786
0 0.025828 0.423061 0.051656 0.132040
0 0.477776 0.377584 0.010245 0.013659
0 0.508510 0.377014 0.025611 0.055776
2 0.582783 0.328638 0.126776 0.225379
