0 0.609378 0.343618 0.026383 0.019169
0 0.585863 0.344026 0.009177 0.018353
0 0.572098 0.347085 0.013765 0.016314
0 0.565215 0.363399 0.018353 0.024471
0 0.549730 0.367477 0.026383 0.028550
0 0.541700 0.386850 0.035560 0.046903
0 0.519905 0.415400 0.042442 0.046903
0 0.636909 0.339947 0.017206 0.034668
0 0.654115 0.372575 0.024089 0.046903
0 0.662718 0.390929 0.025236 0.038746
0 0.689675 0.419479 0.033266 0.083610
0 0.725235 0.415400 0.053913 0.124396
0 0.768824 0.432734 0.086032 0.171299
0 0.875504 0.461284 0.225977 0.261027
0 0.934350 0.572424 0.123886 0.328323
0 0.444197 0.444970 0.049325 0.081571
0 0.406343 0.455166 0.072267 0.093807
0 0.354724 0.473520 0.081444 0.106042
0 0.215926 0.484736 0.219095 0.226360
0 0.063513 0.543875 0.127026 0.263066
