0 0.217266 0.444250 0.090281 0.139500
0 0.152297 0.447250 0.144281 0.175500
0 0.047250 0.401750 0.094500 0.360500
0 0.383906 0.426300 0.037125 0.102000
0 0.411159 0.414150 0.032569 0.065700
0 0.435881 0.406500 0.028687 0.039000
0 0.495141 0.412000 0.041344 0.066000
0 0.536906 0.409750 0.018562 0.022500
0 0.477000 0.394000 0.008437 0.012000
0 0.460125 0.395500 0.013500 0.015000
0 0.702169 0.483750 0.335475 0.475500
0 0.903656 0.471750 0.111375 0.100500
0 0.968203 0.502500 0.061594 0.099000
0 0.315984 0.459000 0.139219 0.192000
