0 0.911933 0.532895 0.168642 0.275546
4 0.451336 0.469641 0.013647 0.038126
0 0.114053 0.485238 0.136473 0.117843
0 0.292442 0.467908 0.066287 0.069320
0 0.721845 0.485238 0.078959 0.090116
0 0.348494 0.465308 0.043866 0.053723
0 0.557590 0.437580 0.013647 0.022529
0 0.528346 0.434981 0.027295 0.020796
0 0.511287 0.433248 0.010723 0.013864
0 0.571237 0.424583 0.007798 0.013864
0 0.577086 0.429782 0.011698 0.017330
0 0.581473 0.438447 0.010723 0.017330
0 0.590246 0.444512 0.016572 0.029461
0 0.602919 0.450578 0.016572 0.041592
0 0.617053 0.451444 0.021446 0.050257
0 0.634600 0.459243 0.035093 0.058922
0 0.639961 0.470507 0.020471 0.046791
0 0.656046 0.467908 0.019496 0.055456
0 0.681878 0.470507 0.051665 0.077985
