0 0.261216 0.336328 0.050098 0.058594
0 0.302745 0.328125 0.046143 0.070312
0 0.344273 0.324609 0.034277 0.049219
0 0.372618 0.318750 0.022412 0.046875
0 0.398985 0.316406 0.032959 0.056250
0 0.429307 0.316406 0.027686 0.051562
0 0.455015 0.317578 0.026367 0.044531
0 0.476109 0.300000 0.013184 0.032812
0 0.528184 0.321094 0.067236 0.126562
0 0.491929 0.314062 0.023730 0.070312
0 0.566416 0.311719 0.017139 0.051562
0 0.574986 0.317578 0.015820 0.058594
0 0.596738 0.318750 0.038232 0.075000
0 0.812290 0.417187 0.226758 0.225000
0 0.905894 0.373828 0.065918 0.096094
