0 0.481709 0.442209 0.012621 0.022438
0 0.464355 0.435665 0.015776 0.020568
0 0.465407 0.455298 0.026294 0.041136
0 0.451734 0.453428 0.017880 0.033657
0 0.440164 0.450623 0.019984 0.043006
0 0.429121 0.453428 0.021035 0.041136
0 0.421758 0.458103 0.018932 0.039266
1 0.392309 0.437535 0.054692 0.099100
0 0.374955 0.459038 0.051537 0.082272
0 0.359178 0.466517 0.047329 0.071053
0 0.311323 0.471191 0.079934 0.110319
0 0.226202 0.484747 0.162117 0.148650
1 0.543939 0.412604 0.038915 0.044875
0 0.573388 0.453428 0.019984 0.065443
0 0.587061 0.457168 0.022087 0.057964
0 0.527110 0.475866 0.093607 0.132756
1 0.638072 0.415097 0.105177 0.201939
