1 0.158941 0.367142 0.317881 0.730124
0 0.462970 0.444107 0.028082 0.076965
0 0.552480 0.420185 0.033932 0.041602
0 0.572957 0.408745 0.028082 0.047843
0 0.584072 0.419145 0.033932 0.031202
0 0.593433 0.449307 0.038612 0.083205
0 0.630290 0.394184 0.016381 0.018721
0 0.765433 0.409785 0.036272 0.045763
0 0.804630 0.410825 0.056163 0.064484
0 0.853188 0.406664 0.043293 0.085285
0 0.976631 0.630278 0.044463 0.237134
0 0.434303 0.390023 0.019891 0.022881
0 0.659542 0.477389 0.142749 0.168490
0 0.505678 0.448267 0.069034 0.118567
0 0.385160 0.451387 0.092436 0.120647
0 0.619903 0.390023 0.018721 0.027042
