0 0.387847 0.591847 0.009679 0.020336
0 0.368489 0.590283 0.014959 0.026593
0 0.317013 0.591065 0.019358 0.046929
0 0.275656 0.605926 0.065114 0.054751
0 0.259818 0.573075 0.015839 0.023465
0 0.247939 0.587154 0.023758 0.048494
0 0.224181 0.598104 0.041356 0.057879
0 0.193383 0.599669 0.037837 0.061008
0 0.142788 0.599669 0.066874 0.089166
0 0.073714 0.602797 0.101191 0.111066
0 0.015519 0.612965 0.031037 0.112630
0 0.443722 0.593411 0.007039 0.017207
0 0.452961 0.593411 0.011439 0.026593
0 0.463520 0.595758 0.016719 0.028158
0 0.481119 0.598887 0.030797 0.037543
0 0.509276 0.609055 0.044876 0.054751
0 0.548873 0.627826 0.057195 0.067265
0 0.610468 0.645034 0.083593 0.120452
0 0.694454 0.675907 0.188211 0.225998
3 0.792172 0.681795 0.017598 0.062572
0 0.427174 0.601307 0.026057 0.042385
