0 0.486765 0.435837 0.016389 0.016996
0 0.511349 0.451619 0.043705 0.058273
0 0.538665 0.478328 0.065558 0.087410
0 0.584419 0.478328 0.034145 0.077698
0 0.474473 0.464973 0.046437 0.065558
0 0.441011 0.449191 0.036876 0.024281
1 0.449889 0.402293 0.062826 0.079227
0 0.371028 0.442862 0.107239 0.104924
0 0.240924 0.444335 0.024584 0.038849
0 0.289410 0.444335 0.015024 0.033993
0 0.267557 0.452833 0.047802 0.060701
0 0.212926 0.439479 0.015024 0.024281
0 0.189707 0.456475 0.047802 0.067986
0 0.154197 0.447977 0.028681 0.021853
0 0.684659 0.495046 0.208165 0.239784
0 0.916154 0.492106 0.167692 0.161831
0 0.089322 0.501809 0.177552 0.142427
0 0.028955 0.478328 0.057909 0.072842
0 0.398782 0.615513 0.241963 0.342356
0 0.317316 0.427823 0.009356 0.013860
0 0.323163 0.436139 0.011695 0.022177
