0 0.480670 0.474170 0.021594 0.029858
0 0.448279 0.474170 0.023993 0.034123
0 0.406892 0.480568 0.027592 0.046919
0 0.377500 0.476303 0.050385 0.063981
0 0.259935 0.501895 0.067180 0.098104
0 0.159765 0.500829 0.152355 0.172749
0 0.051991 0.522156 0.103982 0.202607
0 0.518459 0.475237 0.017995 0.023460
0 0.534654 0.477369 0.019194 0.023460
0 0.550849 0.481635 0.022793 0.040521
0 0.582040 0.479502 0.039588 0.061848
0 0.715800 0.483767 0.160752 0.177014
0 0.825567 0.527488 0.207538 0.196208
0 0.908885 0.563744 0.182230 0.307109
