0 0.210750 0.390284 0.014396 0.021327
0 0.193355 0.388151 0.015595 0.021327
0 0.178360 0.391350 0.016795 0.019194
0 0.163364 0.388151 0.013196 0.017062
0 0.144170 0.387085 0.027592 0.031991
0 0.117778 0.392417 0.032390 0.042654
0 0.089586 0.394550 0.031191 0.046919
0 0.038795 0.409478 0.077589 0.076777
0 0.306122 0.386019 0.008398 0.029858
0 0.316319 0.382820 0.009597 0.031990
0 0.325916 0.381753 0.009597 0.034123
0 0.339712 0.382820 0.017995 0.036256
0 0.356507 0.388151 0.020394 0.046919
0 0.373901 0.389218 0.019194 0.053318
0 0.390097 0.393483 0.020394 0.061848
0 0.429085 0.408412 0.067180 0.087441
0 0.866897 0.548104 0.266205 0.345497
