0 0.502062 0.466430 0.005463 0.026709
0 0.510940 0.468858 0.006829 0.026709
0 0.530061 0.465216 0.012292 0.024281
0 0.545767 0.466430 0.016389 0.021853
0 0.560791 0.472500 0.010926 0.019424
0 0.579229 0.483427 0.034145 0.065558
0 0.609959 0.487069 0.057363 0.087410
0 0.642738 0.500423 0.076484 0.089838
0 0.713212 0.534416 0.095605 0.138399
0 0.858941 0.546142 0.274522 0.263830
0 0.490589 0.468858 0.010926 0.021853
0 0.476932 0.473714 0.021853 0.036421
0 0.444153 0.482213 0.032779 0.058273
0 0.425715 0.489497 0.025950 0.043705
0 0.376546 0.497995 0.091507 0.109263
0 0.950585 0.648292 0.092873 0.237950
