0 0.170160 0.516020 0.032973 0.040855
0 0.312043 0.502697 0.012989 0.024868
0 0.406465 0.511579 0.011990 0.021316
2 0.434442 0.509803 0.035970 0.071053
0 0.538357 0.496480 0.011990 0.040855
0 0.564835 0.496480 0.038968 0.047961
0 0.782656 0.483158 0.092924 0.078158
0 0.263083 0.534671 0.086928 0.138553
0 0.330528 0.510691 0.033972 0.051513
0 0.373992 0.536447 0.062948 0.088816
0 0.490896 0.536447 0.082932 0.103026
0 0.672746 0.587961 0.280769 0.262895
0 0.032273 0.553322 0.054955 0.033750
0 0.007794 0.559539 0.013988 0.039079
