0 0.441319 0.475726 0.009560 0.021853
0 0.448831 0.474512 0.013658 0.019424
0 0.460440 0.474512 0.012292 0.014568
0 0.470683 0.489081 0.019121 0.029137
0 0.493901 0.497579 0.024584 0.031565
0 0.432441 0.476940 0.010926 0.019424
0 0.422881 0.479368 0.010926 0.019424
0 0.435173 0.492723 0.010926 0.016996
0 0.445416 0.490295 0.015024 0.016996
0 0.416052 0.487867 0.013658 0.031565
0 0.403077 0.483010 0.012292 0.016996
0 0.395565 0.489081 0.016389 0.019424
0 0.384639 0.486652 0.016389 0.024281
0 0.404443 0.498793 0.015024 0.019424
0 0.357323 0.501221 0.024584 0.024281
0 0.313618 0.503649 0.013658 0.019424
0 0.326593 0.509719 0.020487 0.016996
0 0.308838 0.507291 0.020487 0.031565
0 0.298594 0.513361 0.024584 0.033993
0 0.288351 0.508505 0.023218 0.029137
0 0.269913 0.509719 0.040974 0.036421
0 0.257621 0.517003 0.046437 0.036421
0 0.230988 0.510933 0.042339 0.043705
0 0.204355 0.523073 0.046437 0.053417
0 0.186600 0.525501 0.051900 0.048561
0 0.159284 0.517003 0.073752 0.065558
0 0.119677 0.526715 0.136578 0.080126
0 0.114897 0.468442 0.012292 0.026709
0 0.127189 0.469656 0.015024 0.024281
0 0.151773 0.479368 0.020487 0.009712
0 0.153821 0.467228 0.019121 0.009712
0 0.018609 0.479368 0.035510 0.029137
0 0.047973 0.541284 0.094239 0.094694
0 0.068460 0.543712 0.083313 0.070414
0 0.575848 0.491509 0.019121 0.019424
0 0.674185 0.507291 0.038242 0.046133
0 0.936415 0.486652 0.060094 0.053417
0 0.597701 0.497579 0.016389 0.026709
0 0.386005 0.512147 0.027316 0.031565
0 0.422881 0.503649 0.019121 0.029137
0 0.448148 0.514575 0.023218 0.031565
0 0.837396 0.614126 0.320959 0.303507
4 0.538972 0.517003 0.016389 0.021853
4 0.527363 0.510933 0.006829 0.024281
