0 0.274093 0.613521 0.087819 0.185204
0 0.599407 0.531276 0.010332 0.026020
0 0.606295 0.535102 0.008610 0.030612
0 0.610600 0.538164 0.010332 0.036735
0 0.617488 0.533572 0.017219 0.039796
0 0.635568 0.543521 0.029273 0.047449
0 0.635137 0.549643 0.018080 0.035204
0 0.650204 0.551174 0.027551 0.056633
0 0.664841 0.555000 0.029273 0.058163
0 0.680769 0.561582 0.040466 0.071939
0 0.696266 0.570000 0.050797 0.079592
0 0.715584 0.572449 0.041327 0.085714
0 0.582678 0.547224 0.042188 0.154592
0 0.443274 0.666327 0.278093 0.495919
0 0.818226 0.675511 0.278954 0.275510
