0 0.111420 0.396499 0.006695 0.020403
0 0.106638 0.398199 0.006695 0.017003
0 0.095161 0.399049 0.016259 0.025504
0 0.077468 0.393098 0.021041 0.010202
0 0.073164 0.412028 0.031561 0.041940
0 0.151110 0.404660 0.019128 0.012922
0 0.151110 0.420813 0.026779 0.018023
2 0.131026 0.387488 0.022953 0.045907
0 0.031561 0.392248 0.011477 0.018703
0 0.018650 0.390548 0.012433 0.025504
0 0.008129 0.391228 0.014346 0.027544
0 0.005260 0.395649 0.010520 0.022103
0 0.912781 0.541361 0.174063 0.190428
0 0.632749 0.489219 0.291508 0.244610
4 0.772514 0.617192 0.187453 0.234635
