1 0.075154 0.617386 0.146409 0.156852
0 0.311451 0.555424 0.041917 0.046791
0 0.348494 0.538094 0.038018 0.050257
0 0.378225 0.531162 0.021446 0.032927
0 0.405033 0.536361 0.032169 0.043325
0 0.937278 0.534628 0.123801 0.240886
0 0.821276 0.526829 0.166692 0.173299
0 0.726719 0.528562 0.065312 0.100514
0 0.686752 0.525096 0.059463 0.086650
0 0.653121 0.512099 0.062388 0.084917
0 0.618028 0.519898 0.025345 0.058922
0 0.602919 0.514699 0.006824 0.045058
0 0.605843 0.510366 0.030219 0.053723
0 0.584397 0.511233 0.010723 0.041592
0 0.579036 0.508633 0.017547 0.039859
0 0.568313 0.508633 0.013647 0.029461
0 0.562952 0.501701 0.018521 0.029461
0 0.559540 0.495636 0.021446 0.027728
0 0.445000 0.499968 0.020471 0.022529
0 0.294392 0.540693 0.023395 0.034660
0 0.463521 0.496502 0.016572 0.022529
0 0.477656 0.493036 0.007798 0.019063
0 0.488866 0.492170 0.012673 0.020796
0 0.500076 0.486104 0.007798 0.019063
0 0.508850 0.480905 0.009748 0.015597
0 0.540044 0.486104 0.015597 0.019063
0 0.553203 0.473973 0.010723 0.015597
0 0.543943 0.467908 0.007798 0.013864
0 0.536144 0.465308 0.007798 0.008665
0 0.508362 0.463575 0.016572 0.008665
0 0.589759 0.472240 0.009748 0.015597
0 0.581473 0.473973 0.010723 0.019063
0 0.569775 0.473107 0.012673 0.017330
