0 0.491682 0.518998 0.015024 0.021853
0 0.476658 0.518998 0.017755 0.026709
0 0.463001 0.518998 0.015024 0.036421
0 0.441831 0.526282 0.032779 0.046133
0 0.394029 0.543278 0.035510 0.094694
0 0.314813 0.548134 0.139310 0.167536
0 0.556557 0.518998 0.013658 0.036421
0 0.567483 0.518998 0.019121 0.041277
0 0.585921 0.523854 0.017755 0.050989
0 0.610505 0.537208 0.034145 0.082554
0 0.640552 0.560275 0.072387 0.133543
0 0.700192 0.583948 0.114726 0.206385
0 0.148051 0.600702 0.273157 0.252518
0 0.088434 0.764839 0.176186 0.305935
0 0.860102 0.682285 0.277254 0.437051
0 0.509779 0.519605 0.043705 0.067986
