0 0.499827 0.270416 0.015211 0.016641
0 0.486371 0.269376 0.009361 0.027042
0 0.461215 0.268336 0.012871 0.012481
0 0.466480 0.281857 0.016381 0.018721
0 0.431378 0.276657 0.011701 0.020801
0 0.441909 0.281857 0.018721 0.031202
0 0.400371 0.282897 0.017551 0.033282
0 0.389841 0.286017 0.015211 0.035362
0 0.378725 0.289137 0.014041 0.033282
0 0.358249 0.292258 0.031592 0.035362
2 0.474086 0.268336 0.015211 0.037442
2 0.405637 0.268336 0.035102 0.054083
0 0.316711 0.295378 0.049143 0.058243
0 0.038820 0.347381 0.076055 0.128968
0 0.202044 0.345301 0.203592 0.241294
0 0.495732 0.284977 0.023401 0.037442
0 0.449514 0.290177 0.026912 0.035362
0 0.508018 0.273536 0.010531 0.018721
