0 0.503796 0.609557 0.012621 0.020568
0 0.478554 0.602078 0.012621 0.024307
0 0.445949 0.610492 0.018932 0.033657
0 0.428595 0.616101 0.015776 0.029917
0 0.409663 0.623581 0.015776 0.022438
0 0.388102 0.634799 0.029449 0.037396
0 0.360230 0.630125 0.028398 0.046745
0 0.246113 0.654432 0.046278 0.054224
1 0.305538 0.613297 0.080986 0.117798
4 0.279770 0.666586 0.018932 0.044875
0 0.532194 0.611427 0.046278 0.065443
0 0.604240 0.637604 0.051537 0.091621
4 0.569794 0.703982 0.080460 0.112188
4 0.672605 0.674065 0.019984 0.067313
0 0.492227 0.613297 0.012621 0.020568
0 0.464881 0.620776 0.021035 0.024307
