0 0.305856 0.352581 0.049143 0.076965
0 0.330428 0.341140 0.014041 0.024961
0 0.098169 0.365062 0.043293 0.043683
0 0.052536 0.361942 0.033932 0.041602
0 0.025040 0.370262 0.049143 0.041602
0 0.218101 0.426218 0.229334 0.255855
0 0.374305 0.351333 0.031592 0.039522
0 0.476102 0.334692 0.012871 0.022881
0 0.438659 0.348213 0.033932 0.045763
0 0.635816 0.340100 0.018721 0.031202
0 0.670333 0.341140 0.024571 0.033282
0 0.689054 0.339060 0.019891 0.033282
0 0.743463 0.345301 0.030422 0.049923
0 0.770374 0.348213 0.053823 0.054083
0 0.831335 0.346133 0.073714 0.074884
0 0.900954 0.359654 0.112327 0.081125
