0 0.053960 0.551063 0.074047 0.071421
0 0.544455 0.536359 0.089014 0.120436
0 0.325859 0.530757 0.061443 0.092427
0 0.280564 0.527256 0.022844 0.029409
0 0.226211 0.536359 0.043325 0.053216
0 0.185642 0.534258 0.051990 0.065819
0 0.150982 0.544061 0.022057 0.037811
0 0.132864 0.546862 0.018906 0.029409
0 0.477130 0.528236 0.014967 0.028008
0 0.385989 0.525856 0.006302 0.016805
0 0.397805 0.527956 0.018906 0.023807
0 0.378506 0.525155 0.005514 0.012604
2 0.436404 0.496447 0.031509 0.019606
0 0.366296 0.523755 0.011028 0.016805
0 0.795173 0.576669 0.166999 0.112033
