0 0.498132 0.444330 0.010438 0.016495
0 0.483634 0.443299 0.020876 0.018557
0 0.467977 0.438144 0.012758 0.024742
0 0.465657 0.445361 0.010438 0.014433
0 0.455219 0.435052 0.010438 0.026804
0 0.441882 0.442268 0.023196 0.024742
0 0.418686 0.436083 0.027835 0.041237
0 0.365915 0.425773 0.010438 0.016495
0 0.382152 0.437113 0.061469 0.047423
1 0.315487 0.392461 0.098582 0.138144
1 0.241260 0.396585 0.068428 0.117526
0 0.578180 0.457410 0.011598 0.028866
0 0.589175 0.462887 0.020876 0.037113
0 0.622229 0.472165 0.028995 0.039175
0 0.670361 0.492784 0.051031 0.051546
0 0.531186 0.471134 0.041753 0.061856
1 0.847832 0.395715 0.300387 0.791431
0 0.517120 0.383460 0.016389 0.012140
0 0.623651 0.393172 0.024584 0.021853
