0 0.874621 0.721757 0.249618 0.464169
0 0.072686 0.568735 0.143459 0.168325
0 0.164659 0.555133 0.075555 0.103715
0 0.375543 0.497041 0.005738 0.013602
0 0.369327 0.497041 0.006695 0.013602
0 0.364067 0.495340 0.007651 0.017003
0 0.358328 0.497891 0.011477 0.015302
0 0.345417 0.499591 0.018171 0.022103
0 0.334897 0.504692 0.014346 0.022103
0 0.298076 0.517444 0.013389 0.034005
0 0.280861 0.514893 0.028692 0.045907
0 0.249778 0.518294 0.041125 0.066310
0 0.198611 0.534446 0.070773 0.095214
0 0.318160 0.504692 0.019128 0.028904
0 0.406626 0.492790 0.006695 0.015302
0 0.412843 0.496190 0.009564 0.018703
0 0.421928 0.498741 0.010520 0.027204
0 0.435796 0.497891 0.017215 0.035705
0 0.444882 0.502141 0.014346 0.047607
0 0.465444 0.504692 0.045907 0.069710
0 0.585950 0.550032 0.110941 0.134320
0 0.480268 0.513476 0.046863 0.057809
0 0.383194 0.493073 0.011477 0.017003
0 0.535014 0.486793 0.017880 0.020568
