0 0.654618 0.500829 0.038389 0.053317
0 0.634224 0.488033 0.011996 0.023460
0 0.624627 0.492298 0.011996 0.019194
0 0.610831 0.498696 0.020394 0.023460
0 0.583839 0.507227 0.031191 0.031990
0 0.533454 0.516824 0.076777 0.089573
0 0.447080 0.542417 0.107968 0.110900
0 0.318118 0.571208 0.169150 0.172749
1 0.114372 0.541350 0.228745 0.501185
0 0.692407 0.490166 0.020394 0.031991
0 0.719399 0.506161 0.028791 0.076777
0 0.734994 0.516824 0.035989 0.081043
0 0.748190 0.532820 0.028791 0.104502
0 0.848361 0.529620 0.193143 0.238862
