0 0.025049 0.577148 0.050098 0.077344
0 0.057349 0.564257 0.011865 0.028125
0 0.087012 0.591211 0.105469 0.082031
0 0.123267 0.561914 0.009229 0.023437
0 0.130517 0.574804 0.023730 0.030469
0 0.232031 0.567773 0.035596 0.067969
0 0.176660 0.584179 0.104150 0.110156
0 0.304541 0.588867 0.114697 0.199219
0 0.347387 0.485742 0.015820 0.021094
0 0.506250 0.561914 0.069873 0.131250
0 0.490429 0.452929 0.006592 0.021094
0 0.556347 0.544336 0.054053 0.077344
0 0.557666 0.573632 0.025049 0.107812
0 0.581396 0.559570 0.032959 0.089062
0 0.612378 0.565429 0.081738 0.133594
0 0.692797 0.581836 0.150293 0.180469
0 0.407554 0.657812 0.200390 0.343750
0 0.973130 0.849609 0.052734 0.292969
