0 0.012185 0.561489 0.022421 0.024262
0 0.116002 0.556290 0.052640 0.031194
0 0.187651 0.575353 0.080909 0.097048
0 0.354343 0.569288 0.010723 0.036393
0 0.480093 0.561489 0.012673 0.020796
0 0.430865 0.565822 0.007798 0.015597
0 0.425504 0.569288 0.010723 0.019063
0 0.418680 0.567555 0.008773 0.015597
0 0.408444 0.564955 0.015597 0.027728
0 0.466446 0.563222 0.018521 0.031194
0 0.440613 0.565822 0.011698 0.022529
0 0.449386 0.561489 0.009748 0.020796
0 0.503001 0.564089 0.011698 0.015597
0 0.541018 0.558890 0.013647 0.015597
0 0.272459 0.575353 0.110153 0.149037
0 0.377738 0.564089 0.039967 0.053723
