0 0.988590 0.562038 0.021830 0.081776
0 0.966371 0.578670 0.058473 0.120585
0 0.746900 0.571740 0.127862 0.098409
0 0.615920 0.548177 0.107591 0.081776
0 0.543023 0.562038 0.039762 0.031879
0 0.387484 0.580056 0.043660 0.062372
0 0.363315 0.576591 0.012474 0.038809
0 0.352790 0.564810 0.017932 0.034651
0 0.258452 0.556494 0.010135 0.018018
0 0.342654 0.558573 0.007017 0.013860
0 0.334078 0.553722 0.010135 0.012474
0 0.326671 0.553722 0.009356 0.012474
0 0.311079 0.552336 0.007796 0.012474
0 0.463109 0.598768 0.113828 0.144148
0 0.412822 0.595996 0.025728 0.091478
0 0.672834 0.595996 0.216741 0.116427
0 0.906728 0.590452 0.116947 0.141376
0 0.849814 0.549563 0.023389 0.054055
0 0.029327 0.593917 0.058292 0.073460
0 0.107201 0.585600 0.070948 0.070688
2 0.217131 0.555801 0.033525 0.052669
2 0.243639 0.555801 0.021050 0.044353
