0 0.268062 0.475132 0.070416 0.099579
0 0.371286 0.471576 0.028807 0.044099
0 0.467708 0.488646 0.080819 0.123762
0 0.608541 0.487935 0.050412 0.054057
0 0.745772 0.500738 0.096022 0.099579
0 0.197646 0.466597 0.043210 0.048367
0 0.079218 0.468019 0.108825 0.105269
0 0.153635 0.465174 0.022405 0.051212
0 0.420897 0.477266 0.032007 0.055479
0 0.508517 0.475132 0.015204 0.022761
0 0.570932 0.480822 0.036008 0.045522
0 0.684958 0.498604 0.064015 0.069705
1 0.268462 0.436012 0.072817 0.075395
0 0.347280 0.458773 0.011203 0.018493
1 0.334077 0.448815 0.013603 0.032719
