0 0.424034 0.570000 0.017139 0.028125
0 0.409532 0.568828 0.022412 0.035156
0 0.393711 0.568828 0.014502 0.035156
1 0.323179 0.560625 0.042187 0.075000
1 0.433262 0.551250 0.027686 0.056250
0 0.451719 0.561796 0.011865 0.030469
0 0.460948 0.567656 0.009229 0.018750
0 0.509727 0.568828 0.009229 0.021094
0 0.513682 0.573515 0.011865 0.025781
0 0.521592 0.575859 0.017139 0.035156
0 0.529502 0.580546 0.017139 0.039844
0 0.546641 0.586406 0.022412 0.042187
0 0.576304 0.588750 0.058008 0.075000
0 0.587510 0.606328 0.051416 0.072656
0 0.632993 0.615703 0.079102 0.110156
1 0.551255 0.570000 0.036914 0.070312
1 0.473472 0.561796 0.013184 0.025781
0 0.296812 0.577031 0.050098 0.060937
0 0.263194 0.581718 0.040869 0.070312
0 0.195958 0.577031 0.104150 0.112500
1 0.505772 0.561796 0.014502 0.030469
0 0.687705 0.654375 0.117334 0.145312
0 0.362071 0.580546 0.064600 0.086719
0 0.075237 0.592265 0.150474 0.171094
