0 0.157489 0.580595 0.247408 0.250411
0 0.344084 0.521457 0.066530 0.085934
0 0.448296 0.488654 0.020271 0.036961
0 0.028977 0.562731 0.057694 0.120123
0 0.299514 0.499897 0.038463 0.044353
0 0.265729 0.512372 0.035344 0.048973
0 0.376439 0.497125 0.028067 0.042505
0 0.427116 0.485113 0.011955 0.020329
0 0.416461 0.484189 0.010395 0.024025
0 0.403727 0.484189 0.015073 0.020329
0 0.391512 0.489271 0.011435 0.021253
0 0.462720 0.487885 0.009876 0.027721
0 0.890486 0.502208 0.090439 0.105339
0 0.813301 0.508676 0.082642 0.103491
2 0.056472 0.439812 0.112944 0.071939
