0 0.384956 0.507678 0.015610 0.032648
0 0.372560 0.516657 0.018365 0.050605
0 0.354195 0.519105 0.042239 0.062031
0 0.325730 0.489722 0.020201 0.035913
0 0.303234 0.525635 0.072540 0.097944
0 0.424899 0.511759 0.014692 0.027751
0 0.439590 0.528900 0.031220 0.045707
0 0.500194 0.504414 0.045911 0.048972
0 0.526822 0.554202 0.053257 0.060399
0 0.734066 0.593380 0.067031 0.070193
0 0.831966 0.630228 0.197419 0.187727
0 0.469966 0.547399 0.058767 0.079988
4 0.065946 0.535972 0.067949 0.066929
0 0.615046 0.576040 0.078968 0.096312
0 0.409377 0.501693 0.011937 0.022854
