0 0.437716 0.575661 0.021492 0.043302
0 0.414075 0.585850 0.042984 0.073868
0 0.388285 0.603680 0.042984 0.094245
0 0.335272 0.606227 0.100295 0.160472
0 0.263632 0.648255 0.146144 0.193585
0 0.117488 0.658444 0.234977 0.519623
0 0.874877 0.728491 0.249628 0.537453
0 0.740749 0.649529 0.170501 0.216510
0 0.662663 0.621510 0.103160 0.165566
0 0.606784 0.596038 0.065908 0.104434
0 0.568099 0.599859 0.028656 0.071321
0 0.555920 0.584576 0.024357 0.050943
0 0.533712 0.578208 0.014328 0.022925
0 0.474354 0.610957 0.090265 0.137547
