1 0.140195 0.556378 0.042188 0.087245
1 0.073469 0.562500 0.089541 0.120918
0 0.271923 0.529592 0.009471 0.024490
0 0.316037 0.525000 0.009471 0.018367
0 0.296666 0.521174 0.024107 0.026020
0 0.335348 0.551021 0.018080 0.038265
0 0.405086 0.511990 0.014636 0.030612
0 0.378396 0.501276 0.037022 0.018367
0 0.383993 0.518878 0.041327 0.016837
0 0.439525 0.518112 0.011193 0.018367
0 0.484603 0.521939 0.022385 0.045918
0 0.550037 0.577041 0.065434 0.110204
0 0.225000 0.538266 0.032717 0.033673
0 0.770633 0.593912 0.145921 0.151089
0 0.215947 0.576158 0.049936 0.062755
0 0.376531 0.597194 0.098151 0.154592
0 0.428189 0.523470 0.022385 0.036735
0 0.453588 0.554082 0.035300 0.048980
0 0.509120 0.521939 0.037883 0.058163
0 0.650463 0.617092 0.208642 0.203572
0 0.296689 0.548734 0.032954 0.040755
