0 0.454279 0.399351 0.008776 0.017681
0 0.446674 0.394671 0.012286 0.024961
0 0.441994 0.399871 0.009946 0.016641
0 0.435266 0.401431 0.012871 0.017681
0 0.426198 0.401951 0.007605 0.016641
0 0.419762 0.403511 0.012286 0.019761
0 0.406599 0.405592 0.024571 0.028082
0 0.342538 0.431073 0.071959 0.116487
0 0.209442 0.445634 0.208272 0.228814
0 0.020769 0.492437 0.041537 0.172650
0 0.497965 0.397201 0.008392 0.017822
0 0.504501 0.398170 0.009361 0.013521
0 0.544381 0.408051 0.008776 0.022881
0 0.556667 0.410651 0.020476 0.036402
0 0.596156 0.422092 0.058503 0.069684
0 0.634379 0.452253 0.043293 0.109206
0 0.694930 0.452253 0.098871 0.152889
0 0.807549 0.484332 0.208272 0.267622
0 0.933019 0.530287 0.131592 0.381229
0 0.488211 0.399871 0.008776 0.016641
0 0.474463 0.409232 0.024571 0.039522
