0 0.189366 0.455156 0.027686 0.037500
0 0.145860 0.443437 0.106787 0.117187
0 0.453697 0.437578 0.015820 0.039844
0 0.436558 0.455156 0.044824 0.065625
0 0.532798 0.451640 0.026367 0.044531
0 0.696275 0.459843 0.052734 0.065625
0 0.844590 0.451640 0.046143 0.063281
0 0.896006 0.461015 0.112060 0.086719
0 0.248033 0.476250 0.100195 0.117187
2 0.330430 0.425859 0.106787 0.157031
0 0.381846 0.476250 0.080420 0.112500
0 0.494566 0.482109 0.079102 0.114844
0 0.619810 0.479765 0.113379 0.152344
0 0.779990 0.466875 0.088330 0.098437
0 0.952695 0.477422 0.093603 0.091406
0 0.112151 0.621562 0.224302 0.510937
