0 0.483896 0.379807 0.015030 0.026720
0 0.453120 0.377262 0.020756 0.036899
0 0.500357 0.378534 0.012167 0.026720
0 0.509304 0.382988 0.020040 0.038172
0 0.516461 0.383624 0.025766 0.041989
0 0.539364 0.381715 0.042943 0.058530
0 0.588032 0.380443 0.064414 0.104336
0 0.635628 0.404618 0.086602 0.101791
0 0.408030 0.389350 0.022187 0.030537
0 0.391210 0.388713 0.018609 0.047078
0 0.362582 0.392531 0.058689 0.075071
0 0.300386 0.413187 0.105210 0.103660
0 0.784327 0.468198 0.181076 0.161593
3 0.361079 0.454877 0.022187 0.067436
