0 0.465790 0.424134 0.025113 0.023386
0 0.445859 0.428032 0.020330 0.025512
0 0.434498 0.433347 0.019134 0.027638
0 0.415962 0.433347 0.032288 0.040394
0 0.340623 0.409961 0.015546 0.014882
0 0.236582 0.423780 0.020330 0.025512
0 0.285812 0.441851 0.050226 0.070157
0 0.378890 0.437599 0.044247 0.057402
0 0.306142 0.455669 0.078927 0.089291
0 0.085504 0.485433 0.084907 0.119055
0 0.035193 0.522537 0.069360 0.248740
1 0.507047 0.394902 0.059793 0.146693
0 0.523790 0.454429 0.052618 0.087165
0 0.611686 0.417225 0.027505 0.021260
0 0.584181 0.411910 0.029897 0.010630
0 0.551892 0.409784 0.029897 0.010630
0 0.676262 0.420414 0.029897 0.031890
0 0.682242 0.425728 0.029897 0.025512
0 0.703169 0.412973 0.016742 0.021260
0 0.725293 0.414036 0.056206 0.031890
0 0.728283 0.423602 0.059793 0.034016
0 0.796447 0.411910 0.081319 0.053150
0 0.789272 0.446988 0.033484 0.034016
0 0.828138 0.437421 0.089690 0.070157
0 0.872385 0.441673 0.077731 0.065906
4 0.734561 0.476752 0.055010 0.029764
4 0.734262 0.502264 0.055010 0.072283
4 0.756983 0.520335 0.062185 0.087165
4 0.770138 0.524587 0.050226 0.074409
4 0.795849 0.525650 0.049031 0.085039
0 0.908517 0.567182 0.179380 0.359291
0 0.573930 0.489584 0.108824 0.148819
