0 0.175498 0.434415 0.027735 0.020403
3 0.022953 0.484997 0.045907 0.085013
0 0.171672 0.461194 0.027735 0.030605
0 0.241489 0.470545 0.033474 0.045907
0 0.450939 0.398284 0.008608 0.006801
0 0.440897 0.406785 0.007651 0.006801
0 0.433724 0.410186 0.008608 0.010202
0 0.426551 0.413586 0.009564 0.013602
0 0.419856 0.419537 0.009564 0.015302
0 0.415074 0.422088 0.011477 0.013602
0 0.375384 0.437390 0.010520 0.020403
0 0.362951 0.439940 0.014346 0.025504
0 0.345258 0.437390 0.024866 0.034005
0 0.407423 0.428039 0.011477 0.018703
0 0.455721 0.419537 0.010520 0.015302
0 0.391164 0.439940 0.021041 0.028904
0 0.471501 0.413586 0.011477 0.017003
0 0.200842 0.469695 0.061209 0.057809
1 0.119071 0.472245 0.090857 0.086713
0 0.335694 0.448442 0.024866 0.028904
0 0.457634 0.402535 0.008608 0.015302
0 0.449345 0.468136 0.052602 0.074811
0 0.579227 0.627393 0.318479 0.472670
