0 0.340204 0.500333 0.030302 0.048972
0 0.309902 0.516657 0.046830 0.058767
0 0.258940 0.514208 0.060603 0.079988
0 0.208438 0.529716 0.097332 0.107739
0 0.493089 0.513392 0.018365 0.052237
0 0.607867 0.537878 0.106515 0.143652
0 0.653451 0.579154 0.116615 0.157411
0 0.823192 0.598277 0.305770 0.318319
0 0.406316 0.500333 0.013773 0.024486
0 0.365914 0.519105 0.059685 0.071826
0 0.448555 0.519921 0.074377 0.125695
0 0.523849 0.520738 0.056012 0.081620
1 0.056777 0.512576 0.112942 0.297098
0 0.939595 0.758297 0.119370 0.280774
