0 0.233058 0.672336 0.009992 0.014211
0 0.241551 0.671447 0.010991 0.019539
0 0.252542 0.684770 0.030975 0.046184
0 0.276023 0.666118 0.011990 0.015987
0 0.292509 0.680329 0.018984 0.030197
0 0.306498 0.687434 0.018984 0.044408
0 0.383434 0.693651 0.032973 0.046184
0 0.205081 0.671447 0.005995 0.023092
0 0.193591 0.674112 0.018984 0.031974
0 0.153124 0.668783 0.017985 0.021316
0 0.139135 0.669671 0.011990 0.026645
0 0.129643 0.677664 0.016986 0.046184
0 0.050708 0.672336 0.034971 0.060395
0 0.084348 0.686983 0.079519 0.096033
0 0.171484 0.682486 0.031974 0.044408
0 0.268904 0.716236 0.060950 0.087039
0 0.336348 0.688703 0.049959 0.088816
0 0.411286 0.728670 0.079934 0.108355
0 0.648591 0.740216 0.192841 0.195395
