0 0.323525 0.404297 0.021094 0.025781
0 0.298608 0.408984 0.025049 0.044531
0 0.400781 0.405468 0.015820 0.028125
0 0.419897 0.408984 0.032959 0.044531
0 0.600512 0.464062 0.064600 0.065625
1 0.065259 0.366406 0.130517 0.225000
0 0.225000 0.474218 0.129199 0.173437
0 0.449560 0.469922 0.094922 0.114844
0 0.332446 0.380078 0.019775 0.021094
0 0.314868 0.378906 0.014502 0.023437
0 0.077124 0.594921 0.154248 0.550781
0 0.771899 0.551562 0.333545 0.412500
0 0.010547 0.208984 0.021094 0.016406
3 0.344751 0.433593 0.011865 0.023437
