0 0.383873 0.403937 0.009567 0.017008
0 0.374306 0.406063 0.011959 0.021260
0 0.349791 0.401811 0.013155 0.025512
0 0.339626 0.403937 0.019134 0.034016
0 0.327667 0.410315 0.023917 0.034016
0 0.298967 0.415630 0.052618 0.057402
0 0.260699 0.442205 0.045443 0.089291
0 0.199710 0.454961 0.114803 0.153071
0 0.421543 0.408189 0.015546 0.017008
0 0.433502 0.420945 0.020330 0.025512
0 0.450244 0.425197 0.032288 0.038268
0 0.468182 0.436890 0.044247 0.048898
0 0.504656 0.456024 0.071752 0.087165
0 0.360554 0.409252 0.017938 0.031890
0 0.400615 0.451772 0.069360 0.099921
0 0.572222 0.486213 0.125566 0.133937
0 0.090288 0.637158 0.180576 0.440079
