0 0.035221 0.540259 0.070443 0.065816
0 0.448393 0.491174 0.012054 0.022959
0 0.463030 0.488878 0.020663 0.033673
0 0.411328 0.485970 0.027551 0.042857
0 0.351921 0.505868 0.023246 0.039796
0 0.329536 0.508163 0.033578 0.053571
0 0.307581 0.508929 0.037883 0.052041
0 0.287779 0.515817 0.041327 0.056633
0 0.272712 0.519643 0.038744 0.048980
0 0.267546 0.521174 0.031856 0.045918
0 0.240856 0.528007 0.054241 0.062646
0 0.182157 0.542493 0.089541 0.082653
0 0.126767 0.529592 0.055963 0.058163
0 0.483209 0.493623 0.014636 0.013776
1 0.523674 0.482908 0.052519 0.090306
0 0.511190 0.516582 0.018941 0.032143
0 0.533575 0.508929 0.036161 0.062755
0 0.565001 0.512755 0.054241 0.076531
