0 0.028430 0.626512 0.055154 0.113627
0 0.951439 0.599557 0.095605 0.186961
2 0.099873 0.547354 0.137944 0.106835
0 0.191593 0.547354 0.044646 0.048561
1 0.264450 0.532786 0.087410 0.126259
0 0.715841 0.567992 0.055997 0.065558
0 0.866077 0.571635 0.055997 0.053417
0 0.409223 0.543712 0.021853 0.036421
0 0.458391 0.543712 0.021853 0.031565
0 0.523266 0.549782 0.017755 0.033993
1 0.484034 0.525432 0.027316 0.021367
0 0.490558 0.581520 0.064192 0.084982
0 0.545954 0.554444 0.037754 0.076271
1 0.356325 0.540715 0.065212 0.054915
