0 0.504820 0.516992 0.014813 0.019405
0 0.475194 0.514913 0.008576 0.018018
0 0.458432 0.515606 0.012474 0.013860
0 0.520803 0.516299 0.020271 0.018018
0 0.551989 0.515606 0.024949 0.022177
0 0.570700 0.512833 0.010915 0.030493
0 0.582785 0.511447 0.019491 0.030493
0 0.595649 0.515606 0.026508 0.022177
0 0.619428 0.514913 0.016373 0.031879
0 0.639699 0.514220 0.036643 0.055441
0 0.668936 0.517685 0.042101 0.048511
0 0.694274 0.521150 0.052236 0.041581
0 0.729748 0.526694 0.051457 0.052669
0 0.775357 0.530159 0.067829 0.087320
0 0.847864 0.528080 0.116167 0.097023
0 0.939083 0.534317 0.119286 0.134446
