0 0.929787 0.356977 0.089675 0.085519
0 0.767385 0.365403 0.028791 0.046919
0 0.774582 0.378199 0.028791 0.046919
0 0.790778 0.388862 0.044387 0.076777
0 0.845961 0.406990 0.077977 0.100237
0 0.713401 0.397393 0.045586 0.068246
0 0.385898 0.466706 0.014396 0.036256
0 0.372102 0.484834 0.017995 0.025592
0 0.364304 0.462440 0.014396 0.019194
0 0.344510 0.481635 0.025193 0.027725
0 0.329515 0.490166 0.035989 0.044787
0 0.290526 0.491232 0.039588 0.034123
0 0.285128 0.525355 0.047986 0.029858
0 0.231144 0.523222 0.040788 0.046919
0 0.236542 0.490166 0.029991 0.031990
0 0.183758 0.521090 0.032390 0.034123
0 0.169962 0.547748 0.047986 0.040521
0 0.091385 0.576540 0.046786 0.051185
0 0.112026 0.522787 0.068816 0.041254
0 0.034808 0.539147 0.063215 0.042677
