0 0.426764 0.483111 0.008799 0.010950
0 0.454921 0.481547 0.012319 0.014079
0 0.465480 0.550377 0.095032 0.126709
0 0.500237 0.497972 0.013199 0.025029
0 0.523555 0.508140 0.038717 0.067265
0 0.535874 0.523001 0.029917 0.071958
0 0.576791 0.525348 0.069514 0.095423
0 0.703940 0.550377 0.168946 0.189282
0 0.877989 0.623691 0.241099 0.408285
0 0.408637 0.524357 0.008799 0.015643
0 0.395438 0.518100 0.021118 0.028158
0 0.380040 0.522010 0.011439 0.039108
0 0.361561 0.518882 0.030797 0.051622
0 0.326364 0.532178 0.050156 0.065701
0 0.278408 0.547822 0.043996 0.087601
0 0.235732 0.558772 0.073034 0.118888
0 0.138500 0.553297 0.139028 0.179896
