0 0.314593 0.423007 0.010608 0.022186
0 0.229732 0.426890 0.016847 0.009984
0 0.209765 0.432991 0.018095 0.017749
0 0.191046 0.430218 0.015599 0.021076
0 0.162343 0.438537 0.019343 0.022186
0 0.150176 0.442974 0.016223 0.022186
0 0.123345 0.446302 0.023711 0.024404
0 0.095266 0.448521 0.023711 0.026623
0 0.071555 0.450739 0.031199 0.033279
0 0.049716 0.454622 0.022463 0.041044
0 0.014774 0.456286 0.027455 0.037716
0 0.452491 0.426335 0.025583 0.059901
0 0.426804 0.434100 0.056158 0.088743
0 0.572709 0.403595 0.025583 0.027732
0 0.591117 0.408032 0.011232 0.023295
0 0.627307 0.395275 0.028703 0.019967
0 0.677849 0.399158 0.027455 0.016639
0 0.710919 0.385846 0.022463 0.029951
0 0.739622 0.386401 0.031199 0.039934
0 0.795156 0.391393 0.079869 0.083196
0 0.472562 0.411914 0.013727 0.022186
0 0.570838 0.420789 0.026831 0.022186
0 0.304193 0.427629 0.014351 0.023295
0 0.286722 0.428184 0.016847 0.022186
0 0.273619 0.431512 0.011855 0.017749
0 0.258643 0.429848 0.018095 0.029951
0 0.223701 0.448706 0.036814 0.038825
0 0.504488 0.439831 0.066765 0.074322
0 0.361911 0.455361 0.096092 0.165283
0 0.869619 0.486891 0.260197 0.226294
