0 0.186005 0.652155 0.102962 0.117436
0 0.298130 0.623906 0.015820 0.037500
0 0.402281 0.607500 0.013184 0.018750
0 0.389097 0.611015 0.015820 0.025781
0 0.373277 0.603984 0.018457 0.035156
0 0.420738 0.608671 0.013184 0.021094
0 0.467539 0.595781 0.009229 0.018750
0 0.476109 0.600468 0.015820 0.028125
0 0.482700 0.582890 0.021094 0.016406
0 0.571690 0.602812 0.030322 0.056250
0 0.594102 0.601640 0.038232 0.082031
2 0.335044 0.599296 0.060644 0.091406
0 0.522251 0.599296 0.026367 0.035156
0 0.489292 0.606328 0.031641 0.039844
0 0.447764 0.625078 0.048779 0.077344
1 0.783286 0.499453 0.432422 0.998906
