4 0.189078 0.468826 0.038275 0.046270
4 0.219698 0.482435 0.022965 0.040827
0 0.027941 0.435583 0.017606 0.083014
0 0.360933 0.459299 0.016075 0.039466
0 0.372415 0.465423 0.008420 0.027218
0 0.382367 0.457939 0.019137 0.031300
0 0.458917 0.463382 0.014544 0.028579
0 0.470782 0.464743 0.009186 0.020413
0 0.487240 0.466104 0.035978 0.066683
3 0.398442 0.463654 0.006889 0.012248
0 0.412221 0.456850 0.019137 0.036744
0 0.437100 0.457598 0.029089 0.051714
0 0.302500 0.481300 0.135493 0.201411
2 0.591676 0.412835 0.176830 0.303478
0 0.773197 0.502267 0.198264 0.227268
0 0.958252 0.480393 0.029089 0.040827
