4 0.867092 0.525096 0.036068 0.069320
0 0.052152 0.521631 0.102355 0.201027
0 0.119414 0.516432 0.090657 0.110911
0 0.376276 0.452311 0.019496 0.034660
0 0.464983 0.461842 0.027295 0.036393
0 0.314376 0.462709 0.016572 0.031194
0 0.358242 0.457510 0.012673 0.024262
0 0.428915 0.454044 0.013647 0.027728
0 0.443538 0.450578 0.013647 0.027728
0 0.511774 0.486971 0.079934 0.124775
0 0.449386 0.655937 0.007798 0.001733
0 0.653121 0.500835 0.095531 0.083184
0 0.286106 0.490437 0.073111 0.086650
0 0.399356 0.464442 0.042892 0.069320
