0 0.328998 0.322336 0.016572 0.013864
0 0.420142 0.321470 0.015597 0.015597
0 0.432815 0.324069 0.011698 0.010398
0 0.458647 0.325802 0.012673 0.006932
0 0.446949 0.323203 0.010723 0.012131
0 0.405520 0.321470 0.011698 0.008665
0 0.357267 0.322336 0.024370 0.013864
0 0.390411 0.323203 0.018521 0.012131
0 0.362141 0.386457 0.010723 0.013864
0 0.423554 0.396855 0.016572 0.013864
0 0.429403 0.405520 0.022421 0.013864
0 0.445487 0.404654 0.017547 0.015597
0 0.449874 0.423716 0.014622 0.032927
0 0.388461 0.398588 0.047766 0.013864
0 0.345569 0.401188 0.038018 0.019063
0 0.323636 0.393389 0.017547 0.017330
0 0.341670 0.416785 0.030219 0.022529
0 0.328510 0.434981 0.029244 0.069320
1 0.230055 0.388190 0.175465 0.311939
2 0.072623 0.322336 0.145246 0.166367
0 0.014135 0.421117 0.028269 0.058922
0 0.128675 0.506900 0.257349 0.254750
0 0.009261 0.710527 0.018521 0.263415
0 0.482042 0.445379 0.063363 0.110911
0 0.397234 0.506900 0.135498 0.216624
