0 0.467915 0.397895 0.016986 0.017763
0 0.426449 0.405888 0.019984 0.030197
0 0.403968 0.408553 0.024979 0.042632
0 0.385982 0.412993 0.034971 0.051513
0 0.362502 0.423651 0.043964 0.058618
0 0.315041 0.426316 0.066945 0.092368
0 0.243100 0.451184 0.120900 0.127895
0 0.094722 0.493816 0.187845 0.213158
0 0.499889 0.400559 0.008993 0.015987
0 0.508382 0.403224 0.007993 0.017763
0 0.517374 0.403224 0.011990 0.024868
0 0.527866 0.397895 0.008993 0.035526
0 0.536858 0.398783 0.012989 0.047961
0 0.549847 0.402336 0.020983 0.055066
0 0.572329 0.409441 0.047961 0.069276
0 0.628283 0.416546 0.079934 0.154539
0 0.709216 0.438750 0.159868 0.223816
0 0.860092 0.487599 0.279770 0.552434
