0 0.534073 0.618778 0.051645 0.062343
0 0.421495 0.615005 0.009564 0.015869
0 0.428828 0.626340 0.008926 0.040806
0 0.435522 0.628040 0.015940 0.051008
0 0.455288 0.634275 0.037618 0.068010
0 0.381145 0.628607 0.018490 0.018136
0 0.361379 0.632008 0.022316 0.018136
0 0.332004 0.646338 0.026779 0.028338
0 0.321803 0.660507 0.021678 0.029471
0 0.301719 0.665608 0.032517 0.046474
0 0.261231 0.672976 0.052283 0.068010
0 0.243698 0.698479 0.035068 0.051008
0 0.185995 0.703580 0.099465 0.111083
0 0.400637 0.630631 0.026141 0.039673
0 0.497733 0.640833 0.063122 0.075945
