0 0.081319 0.497268 0.047835 0.040394
0 0.138721 0.502795 0.055010 0.031890
0 0.432904 0.482599 0.011959 0.017008
0 0.440677 0.487914 0.010763 0.023386
0 0.453831 0.488977 0.025113 0.034016
0 0.409584 0.491102 0.039464 0.063780
0 0.484924 0.505984 0.039464 0.059528
0 0.526181 0.526181 0.076535 0.087165
0 0.839857 0.575504 0.082515 0.044646
0 0.802187 0.552756 0.066969 0.034016
0 0.667054 0.616536 0.234390 0.246614
0 0.800633 0.441142 0.039464 0.023386
0 0.759136 0.439016 0.028701 0.014882
0 0.732827 0.436890 0.019134 0.014882
0 0.710703 0.436890 0.025113 0.014882
0 0.685590 0.443268 0.025113 0.014882
0 0.662869 0.442205 0.020330 0.017008
0 0.639549 0.440079 0.021526 0.012756
0 0.609653 0.440079 0.016742 0.021260
0 0.591117 0.442205 0.025113 0.025512
