0 0.580078 0.515625 0.084375 0.112500
0 0.521411 0.508593 0.030322 0.060937
0 0.496362 0.482812 0.022412 0.051562
0 0.475927 0.479297 0.021094 0.035156
0 0.388916 0.468750 0.026367 0.042187
0 0.363208 0.475781 0.022412 0.032812
0 0.339477 0.474375 0.022412 0.034687
0 0.311792 0.487031 0.022412 0.042187
0 0.280810 0.486328 0.034277 0.058594
0 0.243237 0.490547 0.035596 0.063281
0 0.187866 0.493359 0.069873 0.086719
0 0.130517 0.507422 0.042187 0.079687
0 0.054712 0.521484 0.109424 0.107812
0 0.444287 0.465234 0.018457 0.037500
