0 0.358073 0.441803 0.005850 0.013521
0 0.334086 0.444923 0.015211 0.019761
0 0.347542 0.444403 0.024571 0.018721
0 0.418039 0.436603 0.012286 0.019761
0 0.459075 0.436232 0.009946 0.014561
0 0.085196 0.475828 0.046803 0.048883
0 0.226858 0.455547 0.036272 0.020801
0 0.183858 0.459187 0.036857 0.021841
0 0.311980 0.447226 0.008776 0.014561
0 0.297647 0.446706 0.022231 0.019761
0 0.255232 0.452427 0.014626 0.018721
0 0.392255 0.440986 0.016381 0.016641
0 0.495472 0.440466 0.014041 0.034322
0 0.506588 0.441506 0.016381 0.034322
0 0.511561 0.444106 0.011116 0.031202
0 0.520629 0.440986 0.016381 0.041602
0 0.534084 0.445146 0.024571 0.047843
0 0.547833 0.447226 0.025156 0.054083
0 0.571819 0.448267 0.039197 0.064484
0 0.596432 0.452427 0.036272 0.081125
0 0.654936 0.442546 0.104136 0.132088
0 0.739390 0.451907 0.136313 0.167450
0 0.037910 0.483213 0.064354 0.056163
0 0.006084 0.497253 0.012169 0.040562
0 0.881589 0.462411 0.233429 0.293297
