0 0.138186 0.586184 0.070942 0.120789
0 0.244599 0.554211 0.153873 0.092368
0 0.315041 0.555099 0.020983 0.033750
0 0.342018 0.552434 0.038968 0.046184
0 0.420454 0.543553 0.023980 0.024868
0 0.404467 0.559539 0.045962 0.046184
0 0.370995 0.589737 0.082932 0.095921
0 0.523369 0.547105 0.013988 0.035526
0 0.510380 0.558651 0.033972 0.069276
0 0.562837 0.552434 0.050958 0.063947
0 0.576825 0.558651 0.062948 0.044408
0 0.611796 0.540000 0.016986 0.049737
0 0.704220 0.547105 0.015987 0.024868
0 0.659257 0.537336 0.079934 0.079934
0 0.733696 0.555987 0.050958 0.056842
0 0.783155 0.531118 0.041965 0.024868
0 0.769167 0.600395 0.063947 0.113684
0 0.460921 0.591513 0.094922 0.135000
0 0.066845 0.665230 0.133690 0.325066
0 0.218220 0.787796 0.436441 0.420987
0 0.681239 0.780691 0.425650 0.435197
0 0.892066 0.728289 0.215822 0.540000
