0 0.429415 0.445666 0.020476 0.021841
0 0.413327 0.445666 0.017551 0.030162
0 0.398701 0.447747 0.018721 0.042643
0 0.381150 0.452427 0.019891 0.054083
0 0.363307 0.453987 0.027497 0.053043
0 0.350728 0.455547 0.025742 0.052003
0 0.311823 0.458147 0.063769 0.078005
0 0.045048 0.465948 0.087170 0.091525
0 0.036857 0.510670 0.071959 0.176810
0 0.450769 0.446706 0.015211 0.019761
0 0.490552 0.445666 0.011701 0.017681
0 0.501082 0.449307 0.010531 0.014561
0 0.507518 0.453987 0.009361 0.017681
0 0.518926 0.446706 0.016966 0.036402
0 0.527409 0.447747 0.016381 0.036402
0 0.548177 0.449827 0.040367 0.063444
0 0.572164 0.462827 0.048558 0.066564
0 0.761130 0.512750 0.190136 0.189291
0 0.906804 0.461267 0.131633 0.082165
0 0.982858 0.694761 0.032177 0.235054
