0 0.434781 0.288120 0.015610 0.022854
0 0.424681 0.288120 0.010101 0.016324
0 0.417335 0.288936 0.013773 0.024486
0 0.408153 0.290568 0.015610 0.027751
0 0.391165 0.289752 0.022037 0.029383
0 0.460951 0.287304 0.007346 0.024486
0 0.530277 0.295466 0.008264 0.024486
0 0.540837 0.298730 0.020201 0.034281
0 0.563333 0.307709 0.022956 0.035913
0 0.514667 0.287304 0.028465 0.063664
0 0.482070 0.311790 0.051421 0.070193
0 0.357650 0.293017 0.017446 0.048972
0 0.338826 0.293833 0.033056 0.050605
0 0.312198 0.292201 0.033056 0.063664
0 0.270877 0.297098 0.062440 0.066929
0 0.207520 0.299547 0.077131 0.084885
0 0.125797 0.311790 0.104678 0.096312
0 0.589962 0.310973 0.043157 0.055502
0 0.621641 0.313422 0.042239 0.070193
0 0.656074 0.324033 0.070704 0.091415
0 0.694181 0.337908 0.082641 0.096312
0 0.747438 0.352600 0.088150 0.122430
0 0.039608 0.306924 0.079215 0.153446
0 0.884043 0.335491 0.228639 0.275877
