0 0.078865 0.650204 0.157041 0.243673
0 0.923820 0.803265 0.149809 0.352653
0 0.182181 0.640102 0.101250 0.134082
0 0.247787 0.610102 0.085753 0.115714
0 0.366601 0.570612 0.017564 0.033061
0 0.350587 0.574286 0.016531 0.033061
0 0.406894 0.597245 0.032028 0.053265
0 0.524158 0.574286 0.016531 0.040408
0 0.494196 0.577959 0.010332 0.022041
0 0.552053 0.588979 0.059923 0.077143
0 0.579949 0.616530 0.055791 0.110204
0 0.620759 0.626633 0.094018 0.152449
0 0.785893 0.640408 0.281020 0.297551
0 0.454936 0.605816 0.080587 0.152449
0 0.312876 0.631530 0.108482 0.130408
