0 0.298067 0.709072 0.030155 0.043299
0 0.275451 0.716289 0.022036 0.037113
0 0.253995 0.719382 0.020876 0.035052
0 0.231379 0.729691 0.028995 0.039175
0 0.128574 0.747595 0.097429 0.104434
0 0.044228 0.803049 0.088457 0.115789
0 0.440722 0.667835 0.023196 0.047423
0 0.461018 0.674021 0.026675 0.039175
0 0.398969 0.675052 0.074227 0.164948
0 0.566675 0.653402 0.071907 0.129897
0 0.624085 0.670928 0.086985 0.111340
0 0.735299 0.673992 0.173485 0.171191
0 0.253574 0.851547 0.010438 0.004124
0 0.331701 0.694639 0.034794 0.047423
