0 0.626142 0.387821 0.051731 0.043380
0 0.502183 0.383483 0.006832 0.020823
0 0.513896 0.384351 0.018545 0.036440
0 0.521216 0.391292 0.017569 0.029499
0 0.536833 0.399100 0.031234 0.045116
0 0.572459 0.425128 0.063444 0.069409
0 0.466069 0.382615 0.008785 0.022558
0 0.461676 0.388689 0.009761 0.020823
0 0.451428 0.386086 0.022449 0.036440
0 0.447035 0.393027 0.013665 0.039910
0 0.440203 0.400835 0.017569 0.038175
0 0.411409 0.398232 0.049779 0.088496
0 0.385544 0.409511 0.048803 0.124936
0 0.262072 0.386086 0.045875 0.057262
0 0.330884 0.417320 0.109319 0.161375
0 0.855028 0.380013 0.074181 0.124936
0 0.740829 0.453759 0.232302 0.272429
0 0.880894 0.616870 0.237183 0.518830
0 0.145921 0.476317 0.289890 0.390424
