0 0.584635 0.421353 0.016059 0.017674
0 0.587056 0.445921 0.013765 0.019033
0 0.587056 0.463595 0.016824 0.016314
0 0.593939 0.474471 0.027530 0.027190
0 0.591645 0.496903 0.019883 0.020393
0 0.624910 0.542447 0.048178 0.065257
0 0.631109 0.557189 0.019883 0.059819
0 0.667863 0.560801 0.067296 0.091088
0 0.681245 0.574396 0.080296 0.104683
0 0.547545 0.462915 0.009177 0.017674
0 0.541045 0.486027 0.011471 0.017674
0 0.539133 0.497583 0.010706 0.019033
0 0.529192 0.507779 0.018353 0.023112
0 0.516574 0.526813 0.026765 0.025831
0 0.566281 0.496903 0.014530 0.023112
0 0.483934 0.547178 0.050472 0.076133
0 0.443403 0.524623 0.036707 0.061178
0 0.342459 0.553852 0.055060 0.097885
0 0.236544 0.561330 0.175123 0.172659
0 0.085128 0.529381 0.164417 0.193051
0 0.391784 0.583762 0.139945 0.152266
0 0.104316 0.683006 0.208632 0.467674
0 0.566907 0.385272 0.008412 0.021752
0 0.935821 0.766710 0.121404 0.402303
