0 0.453515 0.529922 0.010547 0.021094
0 0.438354 0.529922 0.019775 0.030469
0 0.422534 0.529922 0.019775 0.030469
0 0.402099 0.529922 0.029004 0.039844
0 0.363867 0.529922 0.047461 0.053906
0 0.250488 0.527578 0.026367 0.025781
0 0.294653 0.519375 0.069873 0.051562
0 0.517456 0.533437 0.009229 0.023437
0 0.525366 0.539297 0.011865 0.030469
0 0.543823 0.541640 0.032959 0.039844
0 0.599375 0.547734 0.077783 0.096094
0 0.633653 0.565312 0.096240 0.107812
0 0.108946 0.502031 0.061963 0.037500
0 0.187388 0.539531 0.121289 0.121875
0 0.047642 0.564140 0.094922 0.213281
1 0.503135 0.523125 0.019775 0.032812
1 0.466221 0.519609 0.019775 0.044531
0 0.481382 0.532500 0.013184 0.023437
0 0.684409 0.559218 0.015820 0.028125
