0 0.463981 0.707158 0.015610 0.019589
0 0.393277 0.709607 0.032138 0.044075
0 0.374913 0.712056 0.030302 0.042443
0 0.603093 0.701445 0.018365 0.034281
1 0.613193 0.681040 0.027547 0.078356
0 0.433404 0.702479 0.033056 0.026119
1 0.329032 0.684794 0.064276 0.102842
0 0.489416 0.549631 0.038566 0.017956
0 0.293833 0.708791 0.047748 0.055502
0 0.253431 0.711239 0.047748 0.060399
0 0.191818 0.704710 0.081722 0.083253
0 0.627517 0.667981 0.011019 0.130593
0 0.676643 0.638597 0.092741 0.176300
0 0.090905 0.711729 0.121206 0.086518
0 0.527981 0.654595 0.121206 0.217110
0 0.825028 0.676360 0.303934 0.290568
