0 0.417247 0.451478 0.034322 0.035085
0 0.442988 0.457579 0.030890 0.041186
0 0.481171 0.456054 0.055773 0.071695
0 0.499620 0.458342 0.042903 0.073220
0 0.533942 0.448427 0.051483 0.086949
0 0.550245 0.447664 0.060064 0.097627
0 0.584996 0.457579 0.076367 0.096102
0 0.644630 0.472834 0.163030 0.126610
0 0.776235 0.492664 0.222024 0.190678
0 0.314281 0.455291 0.018877 0.027458
0 0.200160 0.459105 0.068644 0.053390
0 0.161977 0.455291 0.047193 0.070169
0 0.127655 0.454529 0.067786 0.077797
0 0.055149 0.459867 0.109830 0.118983
