0 0.941489 0.481640 0.116016 0.091406
0 0.745054 0.479297 0.076465 0.044531
0 0.509068 0.483984 0.084375 0.058594
0 0.389097 0.485156 0.015820 0.023437
0 0.403599 0.486328 0.010547 0.025781
0 0.314610 0.492187 0.019775 0.051562
0 0.350865 0.513281 0.065918 0.098437
0 0.285606 0.487500 0.038232 0.051562
0 0.244078 0.495703 0.013184 0.025781
0 0.215074 0.489843 0.013184 0.028125
2 0.065440 0.492187 0.054053 0.056250
0 0.025230 0.506250 0.034277 0.046875
0 0.009410 0.526172 0.018457 0.082031
1 0.153770 0.492187 0.135791 0.150000
