0 0.526704 0.445264 0.010547 0.014062
0 0.510005 0.452295 0.028125 0.046875
0 0.504732 0.466357 0.015820 0.043750
0 0.469576 0.455420 0.061523 0.103125
0 0.434829 0.492788 0.085195 0.130986
0 0.289400 0.446045 0.158203 0.109375
0 0.343013 0.561670 0.193359 0.259375
0 0.561421 0.410889 0.009668 0.020312
0 0.567134 0.414795 0.012305 0.025000
0 0.571968 0.429639 0.014941 0.020312
0 0.577242 0.446045 0.016699 0.018750
0 0.582046 0.456069 0.019395 0.035674
0 0.598335 0.459975 0.020215 0.046611
0 0.613277 0.459975 0.014941 0.046611
0 0.629097 0.456069 0.030762 0.073174
0 0.655464 0.456201 0.041309 0.092187
0 0.727974 0.464795 0.114258 0.156250
0 0.872554 0.446045 0.120410 0.121875
1 0.945503 0.567139 0.106348 0.298437
0 0.962642 0.406982 0.072070 0.065625
