0 0.300384 0.287015 0.023139 0.043006
0 0.270935 0.284211 0.044174 0.067313
0 0.496329 0.272057 0.009466 0.016828
0 0.500010 0.274862 0.010518 0.018698
0 0.507372 0.273927 0.012621 0.020568
0 0.450577 0.274862 0.010518 0.014958
0 0.424808 0.279536 0.011569 0.016828
0 0.239277 0.298234 0.062054 0.059834
0 0.351027 0.276731 0.048381 0.061704
0 0.479343 0.269252 0.025242 0.035526
0 0.522991 0.266447 0.024191 0.033657
1 0.094659 0.315997 0.189318 0.222507
0 0.458149 0.274862 0.008414 0.011219
0 0.753065 0.251489 0.105177 0.084141
0 0.870337 0.253359 0.154610 0.121537
