1 0.884884 0.421732 0.228241 0.646780
0 0.028550 0.474359 0.027458 0.013729
0 0.098910 0.475122 0.049767 0.021356
0 0.135377 0.478935 0.021451 0.016780
0 0.210027 0.481223 0.019735 0.015254
0 0.226330 0.485037 0.012871 0.013729
0 0.261939 0.486562 0.022309 0.013729
0 0.369196 0.495715 0.013729 0.010678
0 0.441272 0.510206 0.008581 0.021356
0 0.433550 0.504867 0.010297 0.028983
0 0.538661 0.523935 0.014587 0.048814
0 0.451569 0.503342 0.010297 0.028983
0 0.457146 0.509444 0.016303 0.044237
0 0.470446 0.510206 0.029174 0.048814
0 0.585834 0.504152 0.007722 0.015254
0 0.577683 0.502627 0.012013 0.015254
0 0.573821 0.517881 0.014587 0.015254
0 0.559664 0.507966 0.013729 0.016780
0 0.605140 0.523220 0.010297 0.016780
0 0.617582 0.520932 0.018019 0.027458
0 0.584976 0.519407 0.012871 0.015254
0 0.410406 0.513305 0.045477 0.077797
0 0.310014 0.512542 0.057489 0.067119
0 0.506936 0.527034 0.065212 0.093051
