0 0.481475 0.546631 0.024866 0.035705
0 0.454218 0.563634 0.025823 0.032305
0 0.434134 0.568735 0.037299 0.049307
0 0.407833 0.583187 0.038256 0.040806
0 0.333713 0.589138 0.071729 0.039106
0 0.380098 0.595088 0.040168 0.040806
0 0.284458 0.627393 0.063122 0.057809
0 0.519253 0.526228 0.020084 0.039106
0 0.562768 0.471820 0.011477 0.011902
0 0.587225 0.543595 0.017215 0.027204
0 0.596789 0.551732 0.022953 0.039106
0 0.613526 0.565334 0.031561 0.042506
0 0.628350 0.572135 0.034430 0.049307
0 0.641739 0.576386 0.030605 0.074811
0 0.662302 0.584887 0.039212 0.098615
0 0.697688 0.594603 0.081293 0.095214
0 0.763679 0.608205 0.106160 0.142821
0 0.883171 0.634559 0.205510 0.198930
