0 0.322366 0.298234 0.017880 0.039266
0 0.298176 0.301039 0.043122 0.067313
0 0.280997 0.318802 0.036812 0.080402
0 0.192999 0.321607 0.011569 0.041136
0 0.159868 0.348407 0.056795 0.090997
0 0.385998 0.287015 0.016828 0.035526
0 0.393887 0.289820 0.011569 0.041136
0 0.409663 0.291690 0.028398 0.048615
0 0.413870 0.301039 0.017880 0.044875
0 0.420707 0.305713 0.016828 0.039266
0 0.442268 0.299169 0.034708 0.071053
0 0.449630 0.302909 0.017880 0.071053
0 0.364963 0.298234 0.033657 0.056094
0 0.484338 0.310388 0.066261 0.095360
0 0.235596 0.353394 0.103073 0.155194
0 0.656828 0.347784 0.259786 0.364612
