0 0.033547 0.417352 0.065972 0.071118
0 0.119872 0.398637 0.050531 0.051155
0 0.214969 0.390527 0.065270 0.062384
0 0.263746 0.386784 0.023862 0.052403
0 0.283046 0.381793 0.031582 0.049908
0 0.314979 0.371811 0.019651 0.029945
0 0.358843 0.378674 0.031582 0.026201
0 0.460257 0.374931 0.015440 0.031192
0 0.500612 0.378050 0.011931 0.022458
0 0.516052 0.379298 0.014738 0.027449
0 0.548687 0.383664 0.049128 0.078604
0 0.578514 0.394270 0.028775 0.064880
0 0.598166 0.401132 0.034389 0.068623
0 0.642381 0.408618 0.094746 0.103558
2 0.883177 0.342491 0.231602 0.684981
0 0.479557 0.383664 0.024564 0.036183
0 0.440606 0.373683 0.021055 0.028697
