0 0.348573 0.441876 0.009537 0.019074
0 0.339036 0.442935 0.011921 0.021193
0 0.327115 0.446114 0.011921 0.019074
0 0.316982 0.450353 0.010729 0.019074
0 0.308042 0.456711 0.011921 0.014835
0 0.294690 0.458830 0.011921 0.019074
0 0.367051 0.440816 0.013113 0.016954
0 0.372416 0.443995 0.011921 0.019074
0 0.380760 0.446114 0.016690 0.031790
0 0.389105 0.450353 0.021458 0.031790
0 0.248317 0.472606 0.072719 0.076295
0 0.422723 0.464129 0.047684 0.063579
0 0.886573 0.476844 0.122787 0.076295
0 0.968981 0.475893 0.057707 0.074611
