0 0.016572 0.739121 0.031194 0.209692
0 0.033631 0.631675 0.065312 0.105712
0 0.101380 0.621278 0.097481 0.084917
0 0.141835 0.603081 0.047766 0.041592
0 0.167180 0.596149 0.024370 0.034660
0 0.185213 0.592683 0.031194 0.031194
0 0.201298 0.590950 0.028269 0.034660
0 0.396747 0.640340 0.144272 0.240886
0 0.679441 0.720925 0.272946 0.270347
0 0.968395 0.771181 0.063210 0.166367
0 0.894386 0.681066 0.207634 0.207959
0 0.760838 0.623877 0.133549 0.107445
0 0.887563 0.589217 0.149146 0.076252
0 0.564414 0.591074 0.062388 0.090363
0 0.520060 0.588351 0.041917 0.060655
0 0.497639 0.582285 0.020471 0.041592
0 0.486917 0.577953 0.010723 0.029461
0 0.462059 0.583152 0.015597 0.064121
1 0.286106 0.573620 0.032169 0.031194
