0 0.489841 0.473107 0.012673 0.020796
0 0.497152 0.456643 0.015597 0.008665
0 0.501539 0.473107 0.016572 0.017330
0 0.503976 0.488704 0.021446 0.013864
0 0.467908 0.467041 0.013647 0.015597
0 0.449386 0.471374 0.013647 0.020796
0 0.466446 0.489570 0.024370 0.036393
0 0.438664 0.477439 0.017547 0.029461
0 0.415756 0.469641 0.010723 0.017330
0 0.398696 0.467041 0.011698 0.015597
0 0.389436 0.472240 0.012673 0.019063
0 0.375301 0.473107 0.013647 0.024262
0 0.350443 0.481772 0.010723 0.027728
0 0.322174 0.495636 0.022421 0.027728
0 0.293905 0.498235 0.034118 0.043325
0 0.496177 0.551958 0.105279 0.136906
0 0.844671 0.720058 0.309014 0.535494
