0 0.310605 0.514687 0.007383 0.020625
0 0.316406 0.512812 0.006328 0.016875
0 0.324316 0.514687 0.007383 0.016875
0 0.331172 0.513750 0.006328 0.015000
0 0.304805 0.519375 0.006328 0.022500
0 0.296367 0.521250 0.012656 0.018750
0 0.287402 0.524062 0.007383 0.020625
0 0.281074 0.526875 0.007383 0.026250
0 0.273691 0.525000 0.009492 0.022500
0 0.266308 0.528750 0.007383 0.026250
0 0.261562 0.530625 0.006328 0.026250
0 0.257344 0.546562 0.012656 0.065625
0 0.239414 0.545625 0.035859 0.067500
0 0.219375 0.559687 0.056953 0.095625
0 0.117070 0.582187 0.168750 0.204375
0 0.025312 0.582187 0.048516 0.121875
0 0.339609 0.513750 0.010547 0.015000
0 0.348047 0.511875 0.008437 0.015000
0 0.360176 0.523125 0.022148 0.037500
0 0.375996 0.519375 0.009492 0.026250
0 0.384433 0.522187 0.007383 0.031875
0 0.392344 0.524062 0.006328 0.039375
0 0.399199 0.524062 0.009492 0.043125
0 0.408164 0.526875 0.010547 0.045000
0 0.413965 0.526875 0.017930 0.056250
0 0.427676 0.528750 0.020039 0.063750
0 0.436640 0.533437 0.016875 0.058125
0 0.468808 0.531562 0.055898 0.088125
0 0.841942 0.668160 0.312187 0.427250
0 0.006328 0.718125 0.012656 0.146250
