4 0.437217 0.614531 0.006592 0.018750
0 0.134654 0.645000 0.029004 0.060937
0 0.115538 0.646171 0.014502 0.039844
0 0.257739 0.633984 0.038232 0.051562
0 0.305200 0.631640 0.035596 0.056250
0 0.365844 0.612890 0.022412 0.028125
0 0.612378 0.628125 0.025049 0.044531
0 0.637426 0.626953 0.051416 0.037500
0 0.396826 0.610546 0.013184 0.023437
0 0.344092 0.619921 0.029004 0.042187
0 0.484497 0.611718 0.017139 0.025781
0 0.423193 0.608203 0.010547 0.014062
0 0.528662 0.624609 0.029004 0.037500
4 0.558325 0.623437 0.014502 0.025781
0 0.038414 0.646171 0.076465 0.138281
0 0.169590 0.637968 0.075146 0.070312
0 0.449985 0.612334 0.012086 0.014324
