0 0.975516 0.755570 0.047962 0.290053
0 0.050850 0.677686 0.101337 0.273939
1 0.078959 0.528183 0.157918 0.139655
0 0.481206 0.528183 0.006043 0.021485
0 0.486745 0.529078 0.005036 0.019695
0 0.494299 0.525497 0.006043 0.023276
0 0.509406 0.534450 0.018128 0.044761
0 0.516959 0.536240 0.015107 0.034019
0 0.526023 0.540716 0.017121 0.042971
0 0.542137 0.546983 0.031221 0.048342
0 0.574366 0.558621 0.055392 0.071618
0 0.644865 0.537135 0.065463 0.050133
0 0.657454 0.538926 0.048342 0.032228
0 0.681625 0.545192 0.064456 0.037599
0 0.707307 0.554145 0.017121 0.037599
0 0.439914 0.521917 0.008057 0.026857
0 0.432864 0.529974 0.008057 0.035809
0 0.427325 0.530869 0.015107 0.034019
0 0.417253 0.534450 0.019135 0.034019
0 0.393082 0.530869 0.039278 0.062666
0 0.363372 0.546088 0.056399 0.064456
0 0.461064 0.541612 0.038271 0.055504
