0 0.183720 0.538911 0.058178 0.043548
0 0.245725 0.551159 0.084205 0.089819
0 0.081143 0.596069 0.162286 0.141532
0 0.494130 0.494683 0.014544 0.014970
0 0.482647 0.491961 0.008420 0.012248
0 0.471547 0.497404 0.007655 0.020413
0 0.460830 0.500126 0.016841 0.014970
0 0.445903 0.502167 0.013013 0.016331
0 0.394615 0.511694 0.014544 0.029940
0 0.367822 0.521900 0.039040 0.042188
0 0.417580 0.510333 0.045164 0.043548
0 0.533936 0.500807 0.028323 0.035383
0 0.514415 0.499446 0.012248 0.027218
0 0.507143 0.494683 0.011482 0.020413
0 0.566469 0.510333 0.038275 0.057157
0 0.574124 0.524622 0.030620 0.063962
0 0.606658 0.515776 0.057412 0.122480
0 0.675936 0.515776 0.136259 0.179637
0 0.805870 0.565040 0.272518 0.220464
