0 0.023484 0.583583 0.046639 0.133937
0 0.101813 0.581457 0.124370 0.095669
0 0.172369 0.550630 0.052618 0.046772
0 0.198678 0.579331 0.066969 0.065906
0 0.213029 0.545315 0.069360 0.044646
0 0.256678 0.569764 0.053814 0.051024
0 0.296141 0.571890 0.032288 0.021260
0 0.442635 0.544252 0.028701 0.042520
1 0.483294 0.537874 0.031093 0.029764
0 0.505418 0.538937 0.008371 0.019134
0 0.526346 0.538937 0.011959 0.019134
0 0.537706 0.540000 0.010763 0.017008
0 0.549067 0.535748 0.011959 0.017008
0 0.561624 0.544252 0.010763 0.021260
0 0.572387 0.545315 0.017938 0.044646
0 0.586737 0.548504 0.013155 0.068032
0 0.611252 0.549567 0.033484 0.091417
0 0.610056 0.558071 0.028701 0.099921
0 0.662077 0.561260 0.104040 0.161575
0 0.761333 0.603780 0.204493 0.229606
