0 0.101239 0.487867 0.058729 0.050989
0 0.392151 0.538856 0.127018 0.196673
0 0.840810 0.398028 0.013658 0.016996
0 0.831250 0.402884 0.013658 0.021853
0 0.819641 0.402884 0.015024 0.016996
0 0.816909 0.415025 0.015024 0.016996
0 0.808715 0.421095 0.012292 0.019424
0 0.801203 0.429593 0.016389 0.016996
0 0.782082 0.421095 0.013658 0.019424
0 0.775253 0.425951 0.016389 0.019424
0 0.767058 0.436877 0.016389 0.016996
0 0.760912 0.451446 0.015024 0.021853
0 0.754083 0.451446 0.017755 0.016996
0 0.754083 0.466014 0.017755 0.026709
0 0.762278 0.479368 0.025950 0.019424
0 0.797105 0.442947 0.016389 0.024281
0 0.784813 0.458730 0.013658 0.031565
0 0.801203 0.467228 0.027316 0.024281
0 0.956219 0.513361 0.083313 0.097122
0 0.833982 0.627480 0.330520 0.305935
0 0.652332 0.464800 0.016389 0.019424
0 0.642089 0.473298 0.015024 0.021853
0 0.631163 0.470870 0.017755 0.016996
0 0.614773 0.469656 0.017755 0.019424
0 0.592238 0.475726 0.016389 0.026709
0 0.539655 0.486652 0.025950 0.033993
0 0.517120 0.498793 0.032779 0.053417
0 0.500047 0.479368 0.017755 0.024281
0 0.316350 0.479368 0.027316 0.029137
0 0.207770 0.489081 0.042339 0.043705
0 0.009304 0.506077 0.018609 0.058273
