1 0.570385 0.712462 0.010926 0.029137
0 0.552630 0.714890 0.013658 0.014568
0 0.512340 0.707606 0.015024 0.019424
0 0.481609 0.707606 0.013658 0.014568
0 0.473415 0.707606 0.013658 0.014568
0 0.457025 0.706392 0.016389 0.016996
0 0.414686 0.707606 0.010926 0.019424
0 0.401711 0.713676 0.020487 0.031565
0 0.391468 0.716104 0.013658 0.021853
0 0.375761 0.713676 0.015024 0.021853
0 0.358006 0.716104 0.020487 0.031565
0 0.321130 0.719746 0.031413 0.043705
0 0.249426 0.716104 0.024584 0.036421
0 0.274010 0.716104 0.046437 0.055845
0 0.226208 0.717318 0.016389 0.029137
0 0.202307 0.717318 0.017755 0.029137
0 0.212550 0.720960 0.019121 0.026709
0 0.126506 0.722174 0.046437 0.048561
0 0.047290 0.718532 0.071021 0.065558
0 0.009048 0.718532 0.016389 0.104407
0 0.636626 0.718532 0.020487 0.031565
0 0.647552 0.718532 0.023218 0.036421
0 0.667356 0.718532 0.035510 0.041277
2 0.817592 0.717318 0.111994 0.097122
0 0.747254 0.782876 0.195307 0.208813
