0 0.297471 0.443437 0.011865 0.032812
0 0.280992 0.439922 0.029004 0.044531
0 0.274400 0.450468 0.015820 0.037500
0 0.259898 0.450468 0.018457 0.046875
0 0.242759 0.449297 0.026367 0.063281
0 0.216392 0.448125 0.036914 0.060937
3 0.209141 0.458672 0.019775 0.058594
0 0.172227 0.457500 0.067236 0.079687
0 0.113560 0.476250 0.068555 0.084375
0 0.514341 0.461015 0.031641 0.058594
0 0.478086 0.459843 0.051416 0.065625
1 0.374595 0.436406 0.015820 0.023437
2 0.331089 0.424687 0.052734 0.070312
0 0.418760 0.461015 0.090967 0.067969
0 0.040301 0.491484 0.080601 0.110156
