0 0.454344 0.611069 0.017938 0.017008
0 0.434612 0.607880 0.014350 0.027638
0 0.423251 0.613195 0.013155 0.029764
0 0.341334 0.636581 0.031093 0.076535
0 0.210387 0.637644 0.044247 0.053150
0 0.605621 0.605754 0.019134 0.027638
0 0.650466 0.632329 0.092082 0.131811
0 0.729991 0.657689 0.150679 0.169775
0 0.084821 0.692615 0.166225 0.210473
0 0.889465 0.744095 0.216104 0.327402
0 0.560776 0.647970 0.087298 0.129685
0 0.496199 0.607576 0.017938 0.014882
0 0.395746 0.615017 0.039464 0.055276
0 0.291706 0.640529 0.080123 0.093543
