4 0.663521 0.487245 0.013776 0.030612
0 0.461996 0.485204 0.008610 0.018367
0 0.448651 0.488266 0.018080 0.027551
0 0.434503 0.492092 0.024107 0.038265
0 0.410324 0.507398 0.027408 0.059694
0 0.393894 0.521939 0.032717 0.058163
0 0.354289 0.528061 0.061990 0.082653
0 0.114078 0.590051 0.086958 0.096429
0 0.185109 0.578572 0.111926 0.113265
0 0.472672 0.484439 0.012628 0.018878
0 0.515506 0.471046 0.007749 0.010714
0 0.503452 0.471811 0.011193 0.012245
0 0.498286 0.483291 0.007749 0.013776
0 0.547362 0.474873 0.018080 0.015306
0 0.568025 0.486352 0.031856 0.047449
0 0.572509 0.495855 0.034941 0.048087
0 0.288855 0.551786 0.116231 0.140816
0 0.486878 0.484694 0.017506 0.030612
0 0.515434 0.485459 0.013776 0.016837
0 0.591199 0.503827 0.043048 0.078061
0 0.611002 0.516837 0.063712 0.091837
