0 0.109660 0.358087 0.032284 0.028697
0 0.142646 0.358087 0.049128 0.031192
0 0.195283 0.359334 0.051935 0.026201
0 0.228269 0.354344 0.022458 0.023706
0 0.253534 0.357463 0.037899 0.034935
0 0.453905 0.353096 0.024564 0.021211
0 0.467942 0.366197 0.025968 0.019963
0 0.495664 0.386160 0.043513 0.052403
0 0.546897 0.374931 0.026669 0.037431
0 0.586199 0.399884 0.085623 0.104806
0 0.650767 0.364949 0.051935 0.022458
1 0.402672 0.327518 0.084921 0.207116
0 0.240200 0.393022 0.056146 0.068623
0 0.434254 0.437315 0.117205 0.159704
0 0.658137 0.422343 0.122819 0.112292
0 0.012169 0.435651 0.024337 0.113540
