0 0.447029 0.457217 0.011462 0.020377
0 0.451327 0.468680 0.011462 0.017830
0 0.459207 0.478868 0.018626 0.022925
0 0.431268 0.461038 0.017193 0.017830
0 0.430552 0.483963 0.018626 0.033113
0 0.387568 0.452123 0.010029 0.020377
2 0.375389 0.443208 0.014328 0.033113
0 0.346734 0.483963 0.028656 0.038208
0 0.255752 0.485236 0.030088 0.040755
0 0.101011 0.525991 0.161905 0.188491
0 0.217783 0.495425 0.060177 0.066226
0 0.595322 0.496699 0.065908 0.084057
1 0.507206 0.471227 0.077370 0.135000
0 0.822418 0.673727 0.353898 0.489057
