0 0.286265 0.601640 0.018457 0.035156
0 0.264512 0.600468 0.032959 0.060937
0 0.237486 0.612187 0.036914 0.070312
0 0.417442 0.587578 0.019775 0.039844
0 0.427329 0.588750 0.015820 0.028125
0 0.441172 0.587578 0.025049 0.039844
0 0.652110 0.654375 0.133154 0.168750
0 0.935557 0.642656 0.069873 0.060937
0 0.455674 0.598125 0.032959 0.042187
0 0.501817 0.601640 0.048779 0.067969
0 0.346910 0.589921 0.015820 0.021094
0 0.192662 0.623906 0.071191 0.093750
1 0.302085 0.581718 0.021094 0.037500
0 0.799107 0.724687 0.268945 0.225000
0 0.030413 0.676640 0.060826 0.128906
