0 0.238229 0.417582 0.027417 0.036272
0 0.036112 0.427330 0.037618 0.058942
0 0.294656 0.409761 0.011477 0.026071
0 0.410698 0.408060 0.007651 0.022670
0 0.417074 0.413728 0.012752 0.024937
0 0.467125 0.447166 0.018490 0.044207
0 0.575835 0.473803 0.082887 0.092947
0 0.377225 0.383123 0.038893 0.022670
2 0.901381 0.264440 0.195741 0.164358
0 0.787613 0.636732 0.423278 0.589798
1 0.248749 0.393892 0.045907 0.057809
0 0.319841 0.417128 0.042719 0.086146
0 0.375312 0.444899 0.063122 0.105416
0 0.426001 0.421662 0.017853 0.031738
0 0.492325 0.448866 0.048485 0.074811
0 0.144776 0.472050 0.218965 0.247375
