1 0.102842 0.610880 0.205684 0.199294
2 0.797880 0.577086 0.287568 0.301541
1 0.469370 0.567555 0.022421 0.043325
0 0.442075 0.573620 0.016572 0.031194
0 0.552716 0.597882 0.035093 0.045058
0 0.505925 0.583152 0.023395 0.032927
0 0.216895 0.613479 0.061413 0.100514
0 0.249551 0.598749 0.074085 0.095315
0 0.291468 0.598749 0.033143 0.081451
0 0.319250 0.596149 0.018521 0.048524
0 0.325586 0.582285 0.044841 0.072786
0 0.349469 0.585751 0.014622 0.048524
0 0.357267 0.581419 0.020471 0.043325
0 0.367015 0.590084 0.014622 0.032927
0 0.372864 0.580552 0.024370 0.045058
0 0.386999 0.580552 0.011698 0.034660
0 0.398696 0.578819 0.015597 0.027728
0 0.406007 0.572754 0.014622 0.025995
0 0.419167 0.572754 0.011698 0.015597
0 0.635575 0.616079 0.050690 0.088383
0 0.601944 0.615212 0.039967 0.058922
0 0.490328 0.579686 0.013647 0.025995
1 0.457185 0.562356 0.007798 0.022529
