0 0.809884 0.445017 0.198325 0.176632
0 0.636727 0.411684 0.109021 0.127835
0 0.509150 0.394845 0.057990 0.068041
0 0.475516 0.394845 0.027835 0.043299
0 0.440722 0.385223 0.037113 0.051546
0 0.375193 0.378557 0.022036 0.028866
1 0.326714 0.376495 0.038273 0.078351
0 0.307345 0.383505 0.013918 0.028866
0 0.089304 0.414391 0.160052 0.162283
0 0.205863 0.374639 0.052191 0.051546
0 0.575838 0.392784 0.026675 0.039175
0 0.356057 0.376976 0.018557 0.026804
0 0.546611 0.394433 0.028995 0.026804
4 0.408827 0.373196 0.012758 0.032990
