0 0.022023 0.453874 0.042339 0.162680
0 0.801203 0.538856 0.396077 0.395774
0 0.357323 0.342183 0.016389 0.031565
0 0.065045 0.408955 0.125652 0.150540
0 0.159967 0.383460 0.091507 0.099550
0 0.210501 0.362821 0.047802 0.072842
0 0.236451 0.347039 0.047802 0.075270
0 0.268547 0.350681 0.024584 0.063130
0 0.282888 0.350681 0.020487 0.048561
0 0.295863 0.348253 0.024584 0.029137
0 0.310886 0.348253 0.013658 0.029137
0 0.322496 0.344611 0.012292 0.031565
0 0.330690 0.340969 0.012292 0.029137
0 0.336836 0.323972 0.013658 0.024281
0 0.609993 0.410169 0.202136 0.274371
0 0.511657 0.394386 0.084679 0.169964
0 0.450879 0.368892 0.053266 0.080126
0 0.432441 0.351895 0.057363 0.084982
0 0.401711 0.347039 0.025950 0.050989
0 0.390102 0.337327 0.019121 0.026709
0 0.367566 0.333685 0.009560 0.019424
