3 0.011906 0.238696 0.023812 0.060474
0 0.321284 0.174054 0.009004 0.014229
0 0.311779 0.180280 0.020010 0.030237
0 0.247747 0.188283 0.016008 0.024901
0 0.236742 0.193619 0.018009 0.032016
0 0.208228 0.198066 0.041020 0.051581
0 0.336791 0.178501 0.026013 0.033794
1 0.277262 0.161604 0.053026 0.088933
0 0.380813 0.182948 0.060030 0.088933
0 0.409827 0.166050 0.012006 0.019565
0 0.419332 0.170497 0.011005 0.021344
0 0.443344 0.166050 0.011005 0.023123
0 0.464855 0.171386 0.034017 0.051581
0 0.966277 0.296502 0.066033 0.257905
0 0.839215 0.187115 0.320158 0.337945
