0 0.392871 0.586125 0.007383 0.015000
0 0.384961 0.586125 0.010547 0.015000
0 0.374414 0.584250 0.010547 0.018750
0 0.364394 0.586125 0.011602 0.022500
0 0.354375 0.587062 0.016875 0.028125
0 0.340137 0.588937 0.017930 0.028125
0 0.328535 0.593625 0.022148 0.030000
0 0.310078 0.596437 0.029531 0.039375
0 0.253652 0.589875 0.047461 0.045000
0 0.208301 0.594562 0.049570 0.054375
0 0.442441 0.577687 0.007383 0.020625
0 0.445078 0.583312 0.012656 0.024375
0 0.455625 0.588000 0.025312 0.033750
0 0.476719 0.596437 0.035859 0.050625
0 0.136200 0.596625 0.103359 0.075000
0 0.416746 0.596625 0.046406 0.071250
0 0.508504 0.612562 0.048516 0.058125
0 0.536453 0.578812 0.039023 0.024375
0 0.520106 0.575062 0.008437 0.013125
0 0.558602 0.600375 0.051680 0.037500
0 0.016875 0.787500 0.033750 0.240000
0 0.841113 0.705000 0.315351 0.333750
0 0.278437 0.604687 0.042187 0.050625
