0 0.121729 0.503552 0.057324 0.064742
0 0.545725 0.456794 0.008093 0.016785
0 0.552469 0.460391 0.008093 0.019183
0 0.586189 0.457394 0.005395 0.027575
0 0.592259 0.457993 0.009442 0.023979
0 0.600014 0.459192 0.011465 0.028774
0 0.611142 0.463388 0.014837 0.044361
0 0.631846 0.460990 0.035743 0.070737
0 0.571285 0.462429 0.033046 0.039565
0 0.059684 0.517580 0.072161 0.065941
0 0.183100 0.497558 0.029674 0.035968
0 0.241098 0.485568 0.028325 0.043162
0 0.216483 0.489765 0.027650 0.039565
0 0.459604 0.456794 0.017534 0.028774
0 0.539907 0.448234 0.022650 0.036028
