0 0.173755 0.513719 0.084947 0.088156
0 0.240290 0.514699 0.053614 0.055456
0 0.347519 0.499968 0.034118 0.050257
0 0.390800 0.498755 0.014622 0.024262
0 0.375691 0.496156 0.017547 0.025995
0 0.516551 0.498755 0.010723 0.031194
0 0.545795 0.497889 0.012673 0.022529
0 0.597947 0.508286 0.029244 0.050257
0 0.673495 0.522150 0.049715 0.057189
0 0.718823 0.536014 0.079934 0.091849
0 0.865145 0.595873 0.267676 0.402195
0 0.482432 0.516951 0.057514 0.084917
0 0.529711 0.503087 0.027295 0.039859
0 0.570165 0.510886 0.049715 0.069320
0 0.426478 0.496502 0.024370 0.025995
0 0.444025 0.497369 0.010723 0.017330
