0 0.499242 0.472188 0.016381 0.045763
0 0.529079 0.483629 0.054993 0.060324
0 0.391596 0.464908 0.042123 0.043683
0 0.244752 0.471148 0.022231 0.027042
0 0.282779 0.455547 0.065524 0.058243
0 0.221350 0.469068 0.033932 0.031202
0 0.145881 0.466988 0.030422 0.035362
0 0.114874 0.470108 0.062014 0.041602
0 0.069241 0.463868 0.054993 0.029122
0 0.451854 0.510671 0.111157 0.147689
0 0.454779 0.430586 0.046803 0.020801
0 0.605719 0.504430 0.112327 0.160170
0 0.880685 0.640678 0.234014 0.461788
0 0.341283 0.461788 0.014041 0.016641
0 0.011908 0.460748 0.022231 0.031202
0 0.029135 0.461788 0.017551 0.024961
0 0.168373 0.458459 0.040952 0.024961
0 0.691511 0.461580 0.021061 0.022881
0 0.695607 0.473020 0.017551 0.020801
