0 0.015203 0.501745 0.030406 0.102567
0 0.079524 0.478876 0.120065 0.112269
0 0.169963 0.454620 0.101354 0.108111
0 0.237792 0.456699 0.059253 0.070688
0 0.304062 0.454620 0.046779 0.052669
0 0.326282 0.446304 0.035084 0.055441
0 0.831492 0.538475 0.336027 0.289682
0 0.653733 0.483727 0.147353 0.166324
0 0.549260 0.451848 0.063151 0.074846
0 0.516905 0.444918 0.021830 0.047125
0 0.512617 0.437294 0.030406 0.054055
0 0.493126 0.437294 0.011695 0.054055
0 0.963642 0.408881 0.067050 0.130287
0 0.937914 0.376309 0.121625 0.087320
0 0.888406 0.359676 0.042881 0.034651
0 0.458821 0.432443 0.067829 0.049897
0 0.365654 0.437988 0.023389 0.033265
0 0.384755 0.446304 0.013254 0.022177
0 0.395280 0.443532 0.012474 0.022177
0 0.405805 0.445611 0.011695 0.015246
0 0.415551 0.444225 0.007796 0.015246
0 0.441669 0.415811 0.005458 0.013860
