0 0.572223 0.510154 0.081486 0.058997
0 0.640783 0.499743 0.073204 0.104113
1 0.688122 0.508419 0.130792 0.107583
0 0.762303 0.491067 0.099558 0.069409
0 0.492692 0.513074 0.032750 0.026663
0 0.452404 0.523168 0.018545 0.022558
0 0.414825 0.528374 0.040995 0.046851
0 0.344061 0.533579 0.012689 0.019087
0 0.325516 0.539653 0.008785 0.013882
0 0.306483 0.537050 0.017569 0.026028
0 0.285009 0.535315 0.019521 0.039910
0 0.252311 0.541388 0.024401 0.034704
0 0.224494 0.552667 0.039042 0.046851
0 0.128352 0.564813 0.051731 0.064203
0 0.149337 0.550932 0.011713 0.015617
0 0.096142 0.558740 0.022449 0.027763
0 0.067836 0.562210 0.028306 0.034704
0 0.047827 0.568284 0.025378 0.036440
0 0.012615 0.574453 0.025230 0.039844
