0 0.453007 0.421651 0.018128 0.026857
0 0.502859 0.422547 0.017121 0.021485
0 0.485235 0.420756 0.022157 0.017905
0 0.306469 0.413594 0.015107 0.028647
0 0.279780 0.412699 0.034242 0.044761
0 0.252084 0.418966 0.027192 0.042971
0 0.165975 0.422547 0.064456 0.064456
0 0.120927 0.406527 0.019597 0.039578
2 0.208274 0.391214 0.076542 0.087732
3 0.222374 0.444927 0.030214 0.048342
3 0.404664 0.433289 0.014100 0.028647
3 0.521491 0.451194 0.026185 0.071618
0 0.111187 0.546088 0.222374 0.454775
0 0.727953 0.511174 0.277968 0.334814
0 0.987792 0.529078 0.022157 0.202321
