0 0.349288 0.510937 0.013711 0.035625
0 0.355089 0.521250 0.014766 0.026250
0 0.354562 0.545625 0.011602 0.030000
0 0.362999 0.550312 0.017930 0.031875
0 0.370909 0.558750 0.018984 0.037500
0 0.382511 0.567187 0.021094 0.046875
0 0.395167 0.573750 0.023203 0.048750
0 0.416788 0.570000 0.026367 0.067500
0 0.455812 0.582187 0.085430 0.084375
0 0.450011 0.598125 0.044297 0.101250
0 0.547569 0.637500 0.157148 0.172500
0 0.288644 0.497812 0.008437 0.020625
0 0.280206 0.508125 0.012656 0.026250
0 0.274405 0.521250 0.011602 0.030000
0 0.268605 0.535312 0.010547 0.031875
0 0.260167 0.549375 0.010547 0.037500
0 0.247511 0.553125 0.012656 0.041250
0 0.234327 0.554062 0.020039 0.043125
0 0.224308 0.561562 0.018984 0.046875
0 0.196886 0.554062 0.048516 0.073125
0 0.164191 0.569062 0.063281 0.073125
4 0.716847 0.735000 0.082266 0.180000
4 0.664112 0.688125 0.107578 0.165000
4 0.821788 0.774375 0.129727 0.258750
4 0.981040 0.857109 0.036914 0.180469
