0 0.300053 0.511579 0.008993 0.024868
0 0.289562 0.511579 0.015987 0.035526
0 0.278571 0.517796 0.025979 0.033750
0 0.262584 0.525789 0.015987 0.028421
0 0.252093 0.526678 0.014988 0.037303
0 0.235106 0.522237 0.026978 0.028421
0 0.208129 0.549770 0.020983 0.044408
0 0.177154 0.560428 0.018984 0.051513
0 0.144681 0.579967 0.047961 0.069276
0 0.098219 0.593289 0.066945 0.099474
0 0.428447 0.516908 0.013988 0.024868
0 0.442935 0.515132 0.018984 0.028421
0 0.442436 0.529342 0.013988 0.028421
0 0.496391 0.514243 0.015987 0.023092
0 0.526367 0.537336 0.023980 0.044408
0 0.555343 0.563092 0.031974 0.056842
0 0.584319 0.573750 0.055954 0.060395
0 0.619790 0.572862 0.044963 0.030197
0 0.660756 0.619934 0.048960 0.081711
0 0.410962 0.516908 0.018984 0.017763
0 0.228112 0.560428 0.054955 0.065724
0 0.408464 0.540888 0.031974 0.040855
0 0.455425 0.546217 0.029975 0.033750
0 0.494893 0.555099 0.052956 0.062171
0 0.613295 0.623487 0.089926 0.095921
0 0.042265 0.617270 0.082932 0.104803
0 0.914048 0.712303 0.169860 0.525789
0 0.348014 0.516908 0.020983 0.021316
