0 0.501031 0.404467 0.006959 0.035052
0 0.492333 0.404467 0.008119 0.039175
0 0.484794 0.406529 0.011598 0.047423
0 0.472616 0.408591 0.012758 0.055670
0 0.461018 0.412715 0.010438 0.051546
0 0.448260 0.415327 0.017397 0.058694
0 0.427964 0.419931 0.039433 0.057732
0 0.403028 0.438488 0.042912 0.070103
0 0.350180 0.447217 0.082887 0.096907
0 0.550090 0.411753 0.010438 0.018557
0 0.572706 0.410722 0.006959 0.016495
0 0.562268 0.411753 0.009278 0.018557
0 0.587784 0.411753 0.009278 0.014433
0 0.531766 0.405670 0.017397 0.022680
0 0.515528 0.403608 0.019716 0.026804
0 0.601933 0.411856 0.009278 0.018557
