0 0.394370 0.437578 0.029004 0.039844
0 0.466880 0.422343 0.034277 0.018750
0 0.329771 0.455156 0.031641 0.056250
0 0.303404 0.462187 0.042187 0.065625
0 0.589488 0.443437 0.018457 0.051562
0 0.598057 0.451640 0.017139 0.044531
0 0.607285 0.453984 0.017139 0.053906
0 0.623765 0.461015 0.036914 0.063281
0 0.779331 0.530156 0.134473 0.150000
0 0.503794 0.438750 0.034277 0.037500
0 0.668589 0.468047 0.076465 0.119531
0 0.369322 0.465703 0.068555 0.082031
0 0.253306 0.470390 0.084375 0.086719
0 0.897983 0.582890 0.203027 0.288281
0 0.420221 0.281623 0.032185 0.019669
0 0.442348 0.280728 0.022127 0.021457
0 0.364399 0.274470 0.027156 0.019669
