0 0.531758 0.524230 0.016572 0.022529
0 0.514699 0.523364 0.007798 0.013864
0 0.508850 0.529429 0.007798 0.019063
0 0.551741 0.520764 0.011698 0.019063
0 0.565876 0.529429 0.020471 0.029461
0 0.578548 0.534628 0.018521 0.046791
0 0.602431 0.545892 0.035093 0.072786
0 0.647760 0.560623 0.075060 0.098781
0 0.708198 0.592683 0.139398 0.142105
0 0.883176 0.679333 0.226155 0.325802
0 0.502513 0.523364 0.020471 0.038126
0 0.481555 0.533761 0.038992 0.062388
0 0.448899 0.549358 0.045816 0.055456
0 0.389436 0.561489 0.090657 0.121309
0 0.154020 0.649872 0.302190 0.384724
