0 0.481934 0.398622 0.011959 0.021260
0 0.469378 0.403937 0.015546 0.023386
0 0.453233 0.407126 0.014350 0.025512
0 0.438883 0.408189 0.016742 0.023386
0 0.421543 0.415630 0.022721 0.034016
0 0.805416 0.403937 0.102845 0.057402
0 0.806014 0.419882 0.046639 0.038268
0 0.351585 0.410315 0.055010 0.048898
0 0.269070 0.415630 0.078927 0.046772
0 0.072229 0.449646 0.137766 0.097795
0 0.771932 0.422008 0.071752 0.042520
0 0.929188 0.402874 0.099257 0.059528
0 0.977023 0.413504 0.041855 0.046772
0 0.153669 0.410315 0.034680 0.044646
0 0.905271 0.681378 0.187751 0.318898
