0 0.383164 0.340312 0.032959 0.042187
0 0.372618 0.345000 0.032959 0.051562
0 0.322520 0.339140 0.112060 0.086719
0 0.318565 0.356718 0.075146 0.084375
0 0.274400 0.356718 0.105469 0.084375
0 0.166294 0.375468 0.150293 0.121875
4 0.276377 0.378984 0.061963 0.082031
4 0.255943 0.390703 0.065918 0.086719
4 0.230894 0.384843 0.060644 0.098437
4 0.225621 0.401250 0.058008 0.093750
4 0.201890 0.401250 0.065918 0.070312
0 0.500498 0.339140 0.017139 0.044531
0 0.514341 0.340312 0.026367 0.070312
3 0.043687 0.391875 0.087012 0.131250
0 0.890732 0.449297 0.217529 0.658593
0 0.543345 0.345000 0.055371 0.089062
