0 0.144281 0.599400 0.005063 0.021000
0 0.149766 0.598650 0.005906 0.022500
0 0.186047 0.596400 0.010969 0.030000
0 0.198703 0.597900 0.010969 0.027000
0 0.263250 0.602400 0.016875 0.030000
0 0.347625 0.617400 0.027000 0.045000
0 0.079734 0.628500 0.063281 0.073500
0 0.129516 0.604500 0.026156 0.052500
0 0.167062 0.613500 0.038812 0.052500
0 0.235406 0.616500 0.047250 0.058500
0 0.406266 0.621000 0.060750 0.070500
0 0.372094 0.614250 0.032062 0.060000
0 0.938531 0.651750 0.119812 0.139500
1 0.297675 0.591450 0.038812 0.070500
1 0.327628 0.595950 0.058219 0.076500
0 0.047784 0.601531 0.018080 0.026020
0 0.027982 0.605357 0.024968 0.027551
0 0.009040 0.605357 0.018080 0.042857
