0 0.455723 0.519898 0.006824 0.013864
0 0.446462 0.519898 0.011698 0.017330
0 0.439638 0.519204 0.007798 0.019409
0 0.435252 0.519378 0.006824 0.022529
0 0.429890 0.522844 0.009748 0.022529
0 0.423554 0.524577 0.010723 0.022529
0 0.410882 0.525443 0.020471 0.027728
0 0.392848 0.529776 0.027295 0.043325
0 0.372377 0.535841 0.031194 0.051990
0 0.341183 0.541040 0.054589 0.069320
0 0.324611 0.550571 0.038992 0.074519
0 0.288056 0.555770 0.073111 0.109178
0 0.206172 0.567122 0.139398 0.169833
0 0.482530 0.522064 0.005849 0.017330
0 0.479118 0.522064 0.006824 0.017330
0 0.495532 0.522497 0.009088 0.025995
0 0.502513 0.528562 0.008773 0.024262
0 0.517953 0.532895 0.020786 0.036393
0 0.544760 0.534628 0.041257 0.057189
0 0.573030 0.543293 0.043206 0.071053
0 0.602274 0.551958 0.062702 0.102247
0 0.657995 0.555857 0.107229 0.133440
