0 0.570897 0.452590 0.019121 0.029137
0 0.574312 0.457446 0.017755 0.024281
0 0.576361 0.459874 0.010926 0.024281
0 0.587970 0.463517 0.023218 0.031565
0 0.613920 0.462303 0.031413 0.053417
0 0.613920 0.463517 0.017755 0.046133
0 0.637821 0.462303 0.030047 0.067986
0 0.665819 0.479299 0.053266 0.063130
0 0.689721 0.492653 0.049168 0.070414
0 0.740255 0.498723 0.090142 0.092266
0 0.792154 0.519362 0.092873 0.099550
0 0.911524 0.573993 0.174820 0.189389
0 0.531290 0.439479 0.010926 0.014568
0 0.515583 0.441907 0.012292 0.019424
0 0.499877 0.441907 0.013658 0.019424
0 0.488950 0.445549 0.010926 0.012140
0 0.432953 0.441907 0.008195 0.019424
0 0.425442 0.446763 0.009560 0.019424
0 0.417930 0.447977 0.010926 0.021853
0 0.407003 0.446763 0.019121 0.024281
0 0.389248 0.447977 0.016389 0.031565
0 0.382419 0.451619 0.013658 0.029137
0 0.363981 0.454047 0.031413 0.029137
0 0.329837 0.454047 0.028681 0.033993
0 0.316179 0.456475 0.023218 0.038849
0 0.172772 0.471044 0.058729 0.072842
0 0.221257 0.461331 0.054631 0.067986
0 0.280669 0.455261 0.053266 0.055845
0 0.446611 0.450405 0.019121 0.026709
0 0.506023 0.449191 0.015024 0.024281
0 0.550411 0.450405 0.013658 0.016996
0 0.079557 0.508678 0.152968 0.225810
