0 0.638267 0.230156 0.026367 0.042187
0 0.455674 0.228984 0.011865 0.016406
0 0.446446 0.230156 0.011865 0.018750
0 0.413487 0.236015 0.019775 0.030469
0 0.395689 0.239531 0.023730 0.037500
0 0.398985 0.218437 0.017139 0.014062
0 0.371958 0.240703 0.031641 0.058594
0 0.352842 0.253594 0.043506 0.065625
0 0.128062 0.262969 0.023730 0.037500
0 0.189366 0.303984 0.119971 0.133594
0 0.309336 0.261797 0.067236 0.100781
0 0.432603 0.232500 0.015820 0.032812
0 0.498521 0.224297 0.021094 0.025781
0 0.598716 0.244219 0.063281 0.098437
0 0.072600 0.345000 0.145201 0.257812
0 0.867661 0.327422 0.263672 0.569531
