0 0.024387 0.427574 0.045411 0.053821
0 0.063281 0.461212 0.126562 0.139036
0 0.317037 0.424584 0.065594 0.098671
0 0.353618 0.414119 0.012614 0.035880
0 0.367494 0.405149 0.010091 0.026910
0 0.274148 0.428696 0.020183 0.029153
0 0.436241 0.455606 0.140018 0.190614
0 0.424888 0.350207 0.051718 0.029153
0 0.194048 0.433181 0.026490 0.029153
4 0.673388 0.454485 0.107221 0.197342
4 0.723844 0.461212 0.127403 0.264618
4 0.769256 0.470182 0.177860 0.273588
4 0.918103 0.561005 0.162723 0.302741
4 0.969191 0.517275 0.058025 0.349834
