0 0.376734 0.537375 0.011812 0.018000
0 0.391078 0.526875 0.010125 0.018000
0 0.370406 0.544687 0.010969 0.032625
0 0.402469 0.529875 0.009281 0.018000
0 0.405844 0.534375 0.009281 0.018000
0 0.409219 0.534375 0.009281 0.024000
0 0.326109 0.552375 0.038812 0.054000
0 0.349312 0.549375 0.017719 0.042000
0 0.419766 0.531375 0.018562 0.042000
0 0.422719 0.540375 0.016031 0.039000
0 0.436219 0.544875 0.022781 0.042000
0 0.436641 0.550125 0.016875 0.046500
0 0.456891 0.545625 0.035437 0.064500
0 0.482203 0.553125 0.045562 0.109500
0 0.296156 0.556875 0.037969 0.102000
0 0.270422 0.562125 0.061594 0.136500
0 0.198703 0.568875 0.142594 0.201000
0 0.114653 0.618202 0.229273 0.248654
0 0.516480 0.553125 0.060539 0.151500
0 0.576070 0.571125 0.125719 0.181500
0 0.743705 0.617250 0.324000 0.364500
0 0.019423 0.718529 0.038812 0.222000
0 0.391711 0.537375 0.010969 0.021000
0 0.355641 0.540750 0.021094 0.037500
