0 0.456333 0.546862 0.007910 0.020286
0 0.433921 0.553125 0.023730 0.032812
0 0.387779 0.567187 0.031641 0.056250
0 0.288243 0.603515 0.035596 0.077344
0 0.234849 0.609375 0.073828 0.103125
0 0.142564 0.642187 0.174023 0.135937
0 0.336363 0.609375 0.097559 0.126562
0 0.520933 0.537890 0.013184 0.021094
0 0.532139 0.541406 0.017139 0.032812
0 0.548618 0.542578 0.013184 0.044531
0 0.559165 0.543750 0.015820 0.056250
0 0.574326 0.546093 0.030322 0.079687
0 0.602671 0.566015 0.047461 0.086719
0 0.667271 0.558984 0.084375 0.161719
0 0.808335 0.557812 0.261035 0.285937
0 0.951377 0.691406 0.096240 0.318750
