0 0.038768 0.431645 0.075938 0.110132
0 0.872582 0.493816 0.254790 0.440526
0 0.241601 0.423651 0.073939 0.065724
0 0.319537 0.420099 0.065946 0.055066
0 0.396474 0.414770 0.053956 0.047961
0 0.435442 0.411217 0.025979 0.033750
0 0.459422 0.410329 0.013988 0.017763
0 0.479905 0.411217 0.022981 0.023092
0 0.605801 0.417434 0.028976 0.046184
0 0.661256 0.412993 0.033972 0.051513
0 0.703221 0.426316 0.039967 0.063947
0 0.756677 0.427204 0.086928 0.108355
0 0.640273 0.436086 0.063947 0.083487
0 0.562337 0.447632 0.071941 0.106579
