4 0.715391 0.423515 0.019775 0.067969
0 0.582896 0.328594 0.010547 0.018750
0 0.575645 0.330937 0.009229 0.023437
0 0.565757 0.328594 0.013184 0.028125
0 0.498521 0.329765 0.021094 0.039844
0 0.668589 0.342656 0.023730 0.042187
0 0.684409 0.347344 0.029004 0.046875
0 0.726597 0.357890 0.071191 0.086719
0 0.462925 0.329765 0.055371 0.100781
0 0.445786 0.352031 0.042187 0.084375
0 0.401621 0.345000 0.059326 0.135937
0 0.340318 0.369609 0.094922 0.133594
0 0.550596 0.330937 0.022412 0.042187
0 0.218370 0.393047 0.188525 0.189844
0 0.873594 0.418828 0.193799 0.203906
2 0.627061 0.319219 0.046143 0.084375
