0 0.762724 0.633543 0.090886 0.089291
0 0.834476 0.634606 0.088494 0.099921
0 0.585735 0.642047 0.011959 0.017008
0 0.571983 0.642047 0.020330 0.021260
0 0.546272 0.623339 0.009567 0.012756
0 0.551055 0.628654 0.009567 0.014882
0 0.549859 0.630780 0.014350 0.010630
0 0.549261 0.635032 0.020330 0.010630
0 0.543880 0.655229 0.011959 0.029764
0 0.535509 0.641410 0.016742 0.027638
0 0.525942 0.642473 0.011959 0.017008
0 0.497241 0.647788 0.011959 0.019134
0 0.478107 0.652040 0.007175 0.019134
0 0.329528 0.677447 0.016158 0.027847
0 0.136927 0.682866 0.063381 0.059528
0 0.099855 0.683929 0.101649 0.065906
0 0.052020 0.722197 0.104040 0.099921
0 0.266080 0.682866 0.070556 0.068032
0 0.385667 0.684992 0.099257 0.119055
0 0.447852 0.655229 0.017938 0.021260
0 0.486718 0.652040 0.014350 0.019134
0 0.519604 0.650977 0.013155 0.021260
0 0.553686 0.657355 0.026309 0.034016
