0 0.670248 0.456513 0.053956 0.046184
0 0.492395 0.452961 0.119901 0.081711
0 0.342930 0.421367 0.019159 0.013449
0 0.391977 0.410329 0.070942 0.035526
0 0.180364 0.411598 0.023755 0.025883
0 0.219719 0.406776 0.020983 0.014211
0 0.309146 0.417434 0.009992 0.010658
0 0.237704 0.412105 0.012989 0.007105
2 0.278895 0.411090 0.016986 0.024868
0 0.317863 0.417307 0.006994 0.015987
0 0.295881 0.421748 0.010991 0.014211
0 0.328355 0.419972 0.007993 0.021316
0 0.171484 0.427077 0.029975 0.039079
0 0.241926 0.496353 0.122899 0.170526
0 0.376990 0.551546 0.172858 0.254013
0 0.101816 0.519356 0.203632 0.435630
0 0.922041 0.767368 0.153873 0.191842
