0 0.105182 0.651432 0.065312 0.057189
0 0.151485 0.645366 0.033143 0.041592
0 0.363506 0.627170 0.010723 0.012131
1 0.354733 0.609840 0.020471 0.019063
0 0.350346 0.616945 0.011698 0.006932
0 0.351808 0.627343 0.024370 0.020796
0 0.380565 0.626477 0.015597 0.019063
0 0.396162 0.631675 0.019496 0.025995
0 0.409322 0.626477 0.012673 0.022529
0 0.433692 0.626477 0.018521 0.022529
0 0.467810 0.626477 0.022421 0.029461
0 0.482920 0.626477 0.013647 0.019063
0 0.170591 0.650045 0.007798 0.008665
0 0.176928 0.648312 0.008773 0.008665
0 0.184239 0.648312 0.007798 0.012131
