0 0.082587 0.639152 0.163030 0.196780
1 0.039256 0.546864 0.078083 0.149491
0 0.177402 0.597203 0.038612 0.045763
0 0.198853 0.588813 0.028316 0.047288
0 0.213869 0.573559 0.008581 0.019831
0 0.264923 0.581186 0.030032 0.053390
0 0.283371 0.571271 0.006864 0.012203
0 0.396205 0.591102 0.026600 0.039661
0 0.421517 0.600254 0.032606 0.048814
0 0.468710 0.602542 0.075508 0.102203
0 0.494881 0.626949 0.059205 0.090000
0 0.232746 0.592627 0.046335 0.073220
0 0.256772 0.590339 0.013729 0.053390
0 0.551512 0.645254 0.107256 0.129661
0 0.355447 0.575847 0.015445 0.021356
0 0.306539 0.568220 0.013729 0.015254
0 0.343435 0.572034 0.006864 0.013729
0 0.333996 0.568983 0.008581 0.010678
0 0.293239 0.569746 0.011155 0.015254
1 0.356306 0.556017 0.017161 0.027458
