0 0.502026 0.500835 0.017547 0.020796
0 0.522010 0.494769 0.012673 0.015597
0 0.530295 0.486104 0.011698 0.012131
0 0.484479 0.495636 0.005849 0.013864
0 0.478631 0.506034 0.009748 0.020796
0 0.467908 0.508633 0.011698 0.022529
0 0.456697 0.522497 0.018521 0.025995
0 0.406007 0.555424 0.069211 0.077985
0 0.528833 0.560623 0.057514 0.081451
0 0.540531 0.499102 0.016572 0.020796
0 0.551741 0.513832 0.019496 0.015597
0 0.563439 0.545026 0.023395 0.050257
0 0.369940 0.549358 0.041917 0.072786
0 0.309014 0.556290 0.091632 0.110911
0 0.168642 0.588351 0.177415 0.147304
1 0.832158 0.457473 0.334678 0.630883
0 0.967656 0.836942 0.063681 0.260135
