0 0.244078 0.539531 0.044824 0.042187
0 0.277696 0.539531 0.040869 0.032812
0 0.213755 0.541875 0.047461 0.042187
0 0.178160 0.545390 0.050098 0.044531
0 0.141246 0.553593 0.060644 0.051562
0 0.126085 0.562968 0.040869 0.051562
0 0.507090 0.526640 0.022412 0.030469
0 0.526865 0.555937 0.040869 0.098437
0 0.544004 0.587578 0.046143 0.152344
0 0.628379 0.616875 0.183252 0.295312
0 0.327793 0.540703 0.056689 0.039844
0 0.449205 0.527466 0.045898 0.042879
0 0.400962 0.540703 0.058008 0.077344
0 0.775376 0.718828 0.448242 0.560156
