0 0.340451 0.519966 0.013773 0.026119
0 0.327137 0.522415 0.014692 0.027751
0 0.250465 0.529761 0.044993 0.058767
0 0.222918 0.535474 0.037647 0.073458
0 0.168742 0.529761 0.078049 0.120798
0 0.070492 0.545268 0.138653 0.168138
0 0.304640 0.520782 0.028465 0.044075
0 0.431356 0.519150 0.015610 0.031016
0 0.443293 0.524863 0.011937 0.035913
0 0.458444 0.530577 0.022037 0.057134
0 0.477267 0.537923 0.022956 0.071826
0 0.496091 0.544452 0.023874 0.075091
0 0.515374 0.552614 0.049584 0.104474
0 0.585618 0.569754 0.134980 0.168138
0 0.737585 0.621175 0.304852 0.261185
0 0.892307 0.684023 0.212111 0.367291
0 0.403809 0.522415 0.024792 0.044075
4 0.380853 0.573019 0.030302 0.057134
