0 0.313696 0.370655 0.024229 0.041940
0 0.291381 0.372355 0.033155 0.049874
0 0.282773 0.376889 0.031242 0.045340
0 0.261414 0.383690 0.034430 0.056675
0 0.229853 0.384824 0.046544 0.065743
0 0.187772 0.383123 0.075874 0.089547
0 0.580928 0.414784 0.082318 0.103466
0 0.537856 0.412675 0.039531 0.069144
0 0.443067 0.378913 0.013056 0.026556
0 0.452783 0.379804 0.015302 0.044207
0 0.461709 0.380937 0.020403 0.046474
0 0.476693 0.386362 0.031242 0.052141
0 0.477968 0.392029 0.022316 0.040806
0 0.494227 0.392029 0.025504 0.058942
0 0.519730 0.394296 0.048457 0.077078
0 0.082796 0.390167 0.153023 0.105416
0 0.633606 0.445145 0.102237 0.104287
0 0.419415 0.382395 0.031577 0.053598
0 0.380431 0.379156 0.017853 0.017003
0 0.436221 0.375189 0.009564 0.024937
