0 0.359537 0.447398 0.078968 0.122430
0 0.520944 0.455993 0.036896 0.047288
0 0.546721 0.456610 0.028316 0.088475
0 0.059434 0.461274 0.047434 0.052237
0 0.209901 0.449128 0.056631 0.048814
0 0.161421 0.457518 0.036896 0.044237
0 0.123667 0.461005 0.038612 0.040315
0 0.010833 0.464382 0.020593 0.061017
0 0.417386 0.440053 0.023874 0.029383
0 0.446758 0.437542 0.020593 0.028983
0 0.468210 0.438305 0.012013 0.030508
0 0.489232 0.439830 0.035180 0.051864
0 0.264108 0.447712 0.053199 0.047288
0 0.599606 0.451525 0.106398 0.164746
0 0.935004 0.706864 0.126716 0.300363
