0 0.265252 0.402612 0.016531 0.025714
0 0.229091 0.402612 0.049592 0.044082
0 0.186215 0.415469 0.038227 0.047755
0 0.154703 0.422816 0.020663 0.044082
0 0.137139 0.434755 0.033061 0.064286
0 0.053970 0.399857 0.034094 0.038571
0 0.023111 0.432000 0.046221 0.088163
0 0.087031 0.435673 0.083686 0.088163
0 0.299346 0.395265 0.014464 0.022041
0 0.311744 0.406286 0.018597 0.033061
0 0.335507 0.409041 0.028929 0.045918
0 0.409378 0.398939 0.009298 0.025714
0 0.427975 0.409959 0.027895 0.047755
0 0.519410 0.422816 0.051658 0.055102
0 0.383032 0.413633 0.055791 0.069796
0 0.463102 0.431082 0.065089 0.075306
0 0.582433 0.438428 0.068189 0.071633
