0 0.226709 0.481139 0.037022 0.056633
0 0.179786 0.479608 0.063712 0.084184
0 0.325721 0.499506 0.018080 0.016837
0 0.351119 0.492618 0.020663 0.024490
0 0.381253 0.477312 0.044770 0.042857
0 0.446256 0.488026 0.011193 0.015306
0 0.458740 0.487261 0.017219 0.026020
0 0.428606 0.482669 0.025829 0.035204
0 0.282272 0.481378 0.061129 0.068878
0 0.078070 0.517347 0.156140 0.165306
0 0.631826 0.500510 0.080070 0.073469
0 0.714910 0.515817 0.129145 0.122449
0 0.883229 0.547959 0.231601 0.238776
0 0.533245 0.484439 0.065434 0.087245
