0 0.187321 0.486628 0.021444 0.042608
0 0.134972 0.482143 0.055502 0.060548
0 0.273097 0.487749 0.029013 0.049336
0 0.508037 0.491113 0.013876 0.038123
0 0.516867 0.481021 0.013876 0.031395
0 0.581199 0.503446 0.046673 0.058306
0 0.626925 0.509053 0.056764 0.114369
0 0.773671 0.484385 0.052980 0.053821
0 0.838634 0.506810 0.097129 0.089701
0 0.078929 0.547336 0.156416 0.208555
0 0.937415 0.564956 0.123619 0.311711
0 0.333645 0.488870 0.061810 0.078488
0 0.415007 0.496719 0.088299 0.148007
0 0.691258 0.523629 0.133710 0.165947
3 0.494266 0.500083 0.016398 0.035880
0 0.474695 0.482608 0.023967 0.047705
0 0.243914 0.493387 0.044416 0.058585
