0 0.604802 0.415658 0.012989 0.028421
0 0.581821 0.415658 0.018984 0.021316
0 0.568332 0.422763 0.015987 0.035526
0 0.512378 0.412105 0.015987 0.024868
0 0.415958 0.434309 0.054955 0.062171
0 0.365999 0.444079 0.046961 0.067500
0 0.281568 0.470724 0.113906 0.095921
0 0.616792 0.431645 0.022981 0.071053
0 0.756178 0.407664 0.017985 0.026645
0 0.777660 0.410329 0.026978 0.021316
0 0.803639 0.409441 0.022981 0.026645
0 0.479405 0.473388 0.107911 0.122566
0 0.659757 0.453849 0.094922 0.133224
0 0.889328 0.509803 0.220338 0.255789
0 0.962008 0.411217 0.075938 0.065724
0 0.545351 0.428092 0.043964 0.067500
