0 0.924208 0.724143 0.039197 0.035362
0 0.892617 0.727783 0.056748 0.044723
0 0.768882 0.720503 0.052068 0.038482
0 0.342977 0.741824 0.011701 0.012481
0 0.329521 0.745464 0.018721 0.013521
0 0.316650 0.743904 0.012871 0.012481
0 0.292079 0.748584 0.019891 0.015601
0 0.306997 0.746504 0.011116 0.013521
0 0.252004 0.747544 0.022816 0.017681
0 0.231820 0.752225 0.021061 0.014561
0 0.215732 0.754825 0.022231 0.019761
0 0.189405 0.757425 0.042122 0.041602
0 0.155327 0.758465 0.029837 0.014561
0 0.117592 0.760545 0.036272 0.016641
0 0.025156 0.773806 0.050313 0.057723
2 0.440941 0.718787 0.016966 0.021841
2 0.464049 0.728147 0.030422 0.061364
0 0.443573 0.766109 0.054993 0.076965
0 0.057857 0.758681 0.052418 0.036923
