0 0.046779 0.489271 0.091998 0.421355
0 0.818485 0.600154 0.363030 0.437988
0 0.157488 0.477091 0.194911 0.246126
0 0.266639 0.459471 0.101354 0.148306
0 0.321604 0.455313 0.033525 0.087320
0 0.344993 0.454620 0.036643 0.069302
0 0.362925 0.445611 0.016373 0.059600
0 0.371111 0.433829 0.017152 0.055441
0 0.411263 0.436601 0.011695 0.019405
0 0.474414 0.437988 0.033525 0.055441
0 0.502092 0.444225 0.035864 0.070688
0 0.512227 0.446304 0.028067 0.066530
0 0.528210 0.458778 0.036643 0.085934
0 0.556277 0.471252 0.063151 0.124743
0 0.631513 0.492043 0.149692 0.180185
0 0.434263 0.433829 0.032745 0.047125
