2 0.269809 0.463791 0.069498 0.073678
0 0.398815 0.471725 0.018490 0.032872
0 0.374587 0.481927 0.021041 0.032872
0 0.292656 0.483060 0.054833 0.057809
0 0.212956 0.477960 0.035705 0.045340
0 0.205624 0.488728 0.031242 0.051008
0 0.189047 0.492128 0.036343 0.066877
0 0.547056 0.489672 0.010202 0.026071
0 0.558533 0.498740 0.022953 0.039673
0 0.589456 0.504408 0.041444 0.064610
0 0.698803 0.510075 0.028054 0.041940
0 0.730364 0.512342 0.050370 0.053275
0 0.641526 0.522544 0.091176 0.124685
0 0.460131 0.528211 0.182352 0.199496
0 0.857139 0.501007 0.047182 0.031738
0 0.896033 0.529644 0.102015 0.077676
0 0.966187 0.528510 0.063798 0.085548
0 0.975355 0.774468 0.046738 0.336650
