0 0.406982 0.563222 0.195936 0.266881
0 0.658970 0.519031 0.060438 0.060655
0 0.699912 0.513832 0.027295 0.046791
0 0.721845 0.516432 0.014622 0.038126
0 0.826150 0.499102 0.036068 0.034660
0 0.796418 0.495636 0.027295 0.020796
0 0.932891 0.512966 0.058488 0.038126
0 0.595120 0.491303 0.030219 0.032927
0 0.549792 0.492170 0.019496 0.034660
0 0.531758 0.488704 0.022421 0.041592
0 0.508850 0.484371 0.017547 0.039859
0 0.489841 0.488704 0.018521 0.041592
0 0.615104 0.486971 0.013647 0.027728
0 0.325098 0.495636 0.028269 0.069320
0 0.990892 0.514699 0.014622 0.024262
