0 0.028598 0.466706 0.057196 0.095971
0 0.509461 0.343009 0.009597 0.010663
0 0.496865 0.344076 0.010797 0.012796
0 0.491467 0.361137 0.019194 0.029858
0 0.480070 0.350474 0.010797 0.017062
0 0.468673 0.365403 0.021594 0.029858
0 0.456077 0.376066 0.020394 0.034123
0 0.435683 0.382464 0.032390 0.055450
0 0.423087 0.395260 0.031191 0.046919
0 0.392496 0.408057 0.049185 0.059716
0 0.341511 0.397393 0.064781 0.051185
0 0.543051 0.341943 0.011996 0.017062
0 0.555048 0.339810 0.011996 0.012796
0 0.562246 0.346208 0.016795 0.017062
0 0.568844 0.352606 0.020394 0.029858
0 0.577241 0.362204 0.022793 0.027725
0 0.588038 0.376066 0.027592 0.042654
0 0.613830 0.395260 0.043187 0.072512
0 0.527456 0.410189 0.071979 0.106635
0 0.955671 0.388862 0.088658 0.119431
