0 0.401643 0.610544 0.012086 0.010743
0 0.371933 0.608753 0.009064 0.017905
0 0.352294 0.628448 0.022157 0.032228
0 0.335172 0.613230 0.016114 0.016114
0 0.309994 0.619496 0.020143 0.028647
0 0.290859 0.625763 0.006043 0.016114
0 0.283809 0.625763 0.006043 0.019695
0 0.275248 0.627553 0.015107 0.016114
0 0.208274 0.649039 0.064456 0.062666
0 0.029509 0.862102 0.057406 0.266777
0 0.391068 0.626658 0.037264 0.042971
0 0.414736 0.609649 0.010071 0.019695
0 0.422289 0.616810 0.007050 0.023276
0 0.431353 0.619496 0.011078 0.028647
0 0.444446 0.622182 0.015107 0.034019
0 0.451496 0.631134 0.009064 0.037599
0 0.473653 0.623077 0.037264 0.053714
0 0.610119 0.611439 0.136970 0.087732
0 0.920314 0.585478 0.128912 0.071618
0 0.911754 0.832560 0.176248 0.322281
