0 0.057857 0.423980 0.049592 0.042245
0 0.112615 0.419388 0.051658 0.051429
0 0.185453 0.417551 0.108482 0.073469
0 0.262251 0.412041 0.042360 0.033061
0 0.403622 0.405612 0.018597 0.016531
0 0.383476 0.408367 0.019630 0.018367
0 0.366428 0.408367 0.014464 0.018367
0 0.347832 0.410204 0.022730 0.029388
0 0.467678 0.398265 0.008265 0.016531
0 0.486275 0.397347 0.008265 0.007347
0 0.494024 0.399184 0.011365 0.011020
0 0.513654 0.400714 0.013431 0.012857
0 0.607500 0.400714 0.020663 0.023878
0 0.618865 0.402551 0.016531 0.031224
0 0.648310 0.403469 0.065089 0.051429
0 0.658125 0.404388 0.045459 0.045918
0 0.683954 0.414490 0.035128 0.058775
0 0.728897 0.421837 0.071288 0.080816
0 0.795536 0.418163 0.134311 0.124898
0 0.850121 0.431939 0.091952 0.119388
0 0.878016 0.432857 0.122946 0.128571
0 0.967729 0.438280 0.061301 0.143090
0 0.982021 0.482274 0.034094 0.128571
0 0.446695 0.399359 0.038227 0.047755
0 0.479461 0.401851 0.013431 0.020204
