0 0.198373 0.577953 0.069211 0.081451
0 0.350443 0.574487 0.034118 0.032927
0 0.411856 0.581419 0.032169 0.036393
0 0.510312 0.582285 0.006824 0.020796
0 0.487404 0.580552 0.011698 0.024262
0 0.522010 0.582285 0.010723 0.017330
0 0.433302 0.564955 0.014622 0.027728
0 0.154507 0.551958 0.016572 0.025995
0 0.275871 0.557157 0.013647 0.019063
0 0.308039 0.555424 0.011698 0.015597
0 0.077497 0.532895 0.020471 0.032927
0 0.051177 0.533761 0.034118 0.031194
0 0.021446 0.532028 0.015597 0.024262
0 0.005849 0.532028 0.011698 0.024262
0 0.537607 0.573620 0.020471 0.010398
0 0.469857 0.550225 0.011698 0.012131
0 0.175953 0.552824 0.022421 0.024262
0 0.501539 0.583152 0.014622 0.022529
0 0.535170 0.596149 0.027295 0.034660
0 0.455723 0.597016 0.063363 0.088383
0 0.598532 0.609147 0.095531 0.133440
