0 0.248033 0.389531 0.023730 0.023437
0 0.350205 0.405937 0.025049 0.070312
0 0.454356 0.395390 0.019775 0.030469
0 0.455674 0.415312 0.011865 0.042187
0 0.501817 0.411797 0.014502 0.039844
0 0.536094 0.416484 0.056689 0.077344
0 0.132017 0.409453 0.047461 0.058594
0 0.061485 0.375468 0.011865 0.014062
0 0.090489 0.412968 0.056689 0.065625
0 0.633653 0.400078 0.025049 0.035156
0 0.737803 0.422343 0.027686 0.046875
0 0.778013 0.420000 0.076465 0.079687
0 0.686387 0.436406 0.098877 0.103125
0 0.593443 0.435234 0.092285 0.100781
0 0.194639 0.418828 0.112060 0.114844
0 0.294834 0.427031 0.101514 0.112500
1 0.398985 0.412968 0.083057 0.145312
1 0.856455 0.428203 0.133154 0.110156
0 0.930283 0.403593 0.035596 0.028125
0 0.033140 0.405937 0.065918 0.135937
0 0.955332 0.443437 0.088330 0.164062
0 0.475449 0.416484 0.046143 0.072656
