0 0.404924 0.621299 0.028677 0.040785
0 0.473175 0.616201 0.013765 0.034668
0 0.488948 0.614162 0.026957 0.050982
0 0.508735 0.628437 0.040148 0.059139
0 0.571539 0.613652 0.016633 0.041805
0 0.573833 0.616201 0.017780 0.040785
0 0.582723 0.622319 0.026383 0.050982
0 0.612547 0.628946 0.057355 0.082591
0 0.365253 0.623848 0.049899 0.064237
0 0.126371 0.655627 0.063090 0.077492
0 0.065289 0.656646 0.071693 0.138671
0 0.245614 0.684890 0.264405 0.233497
0 0.444979 0.636967 0.067105 0.088708
0 0.545005 0.635948 0.056781 0.080551
0 0.642508 0.653792 0.083164 0.095846
0 0.032043 0.792870 0.064087 0.411118
