0 0.493725 0.606093 0.019775 0.032812
0 0.430049 0.604921 0.010547 0.021094
0 0.383247 0.617812 0.006592 0.018750
0 0.372041 0.607265 0.013184 0.025781
0 0.361494 0.614296 0.015820 0.011719
0 0.345674 0.615468 0.010547 0.018750
0 0.327876 0.617812 0.017139 0.023437
0 0.305859 0.616992 0.023730 0.030469
0 0.278174 0.622675 0.029004 0.033164
0 0.400913 0.606093 0.038232 0.051562
0 0.462876 0.597656 0.046143 0.073125
0 0.145415 0.633515 0.067764 0.073594
0 0.195908 0.630703 0.031641 0.067969
0 0.221616 0.629531 0.025049 0.046875
0 0.244028 0.628359 0.019775 0.039844
1 0.545009 0.573281 0.063281 0.121875
0 0.006934 0.662658 0.013869 0.101880
