0 0.301479 0.604360 0.022706 0.022425
0 0.282558 0.607724 0.017660 0.015698
0 0.256068 0.602118 0.022706 0.026910
0 0.230209 0.603239 0.029013 0.033638
0 0.209396 0.604360 0.015137 0.040365
0 0.192366 0.604360 0.021444 0.044850
0 0.174076 0.608845 0.015137 0.040365
0 0.155155 0.613330 0.015137 0.040365
0 0.128665 0.609966 0.040365 0.069518
0 0.089561 0.631270 0.030274 0.067276
0 0.057395 0.631270 0.029013 0.058306
0 0.024598 0.630149 0.049195 0.082973
0 0.339953 0.599875 0.015137 0.017940
0 0.352567 0.600996 0.017660 0.029153
0 0.377795 0.609966 0.042888 0.047093
0 0.422575 0.630149 0.054241 0.069518
0 0.466725 0.648089 0.054241 0.114369
0 0.529796 0.667151 0.124881 0.165947
0 0.326077 0.606603 0.017660 0.026910
