0 0.418676 0.506516 0.019194 0.031991
0 0.434271 0.508649 0.009597 0.010663
0 0.443268 0.518246 0.008398 0.017062
0 0.433071 0.517180 0.014396 0.010664
0 0.433071 0.536374 0.016795 0.031991
0 0.420475 0.529976 0.015595 0.027725
0 0.406079 0.528910 0.017995 0.025592
0 0.366491 0.529976 0.027592 0.019194
0 0.391684 0.519312 0.017995 0.019194
0 0.390484 0.543839 0.058783 0.038389
0 0.334101 0.539573 0.063581 0.042654
0 0.276518 0.550237 0.065980 0.046919
1 0.590225 0.525711 0.064781 0.108768
0 0.502651 0.606753 0.165551 0.232464
0 0.774250 0.579028 0.170349 0.138626
0 0.942800 0.589692 0.113966 0.232464
0 0.182946 0.545971 0.053984 0.034123
