0 0.521149 0.385655 0.018721 0.029122
0 0.535190 0.390855 0.023401 0.043683
0 0.539285 0.392936 0.015211 0.047843
0 0.485462 0.383575 0.017551 0.024961
0 0.501083 0.388983 0.016381 0.031202
0 0.470076 0.382743 0.010531 0.027042
0 0.454865 0.388983 0.024571 0.043683
1 0.649316 0.277177 0.220705 0.462828
0 0.034517 0.382223 0.066694 0.039522
0 0.071374 0.379103 0.070204 0.049923
0 0.114667 0.392624 0.023401 0.018721
0 0.132218 0.383263 0.018721 0.016641
0 0.313579 0.387423 0.018721 0.020801
0 0.329375 0.383263 0.012871 0.016641
0 0.342831 0.384303 0.014041 0.018721
0 0.362137 0.382223 0.015211 0.014561
0 0.377348 0.384303 0.017551 0.010401
0 0.391974 0.385343 0.014041 0.016641
0 0.408940 0.377023 0.036272 0.029122
0 0.226994 0.384303 0.011701 0.014561
0 0.169660 0.391583 0.016381 0.016641
0 0.190136 0.393664 0.010531 0.012481
