1 0.496543 0.267187 0.051416 0.070312
0 0.461607 0.267187 0.010547 0.018750
1 0.457652 0.254297 0.010547 0.021094
0 0.447764 0.267187 0.009229 0.018750
0 0.432603 0.260156 0.010547 0.014062
0 0.421397 0.262500 0.006592 0.018750
1 0.415464 0.253125 0.007910 0.023437
0 0.377555 0.267643 0.021061 0.016641
0 0.402940 0.289453 0.043506 0.053906
0 0.377891 0.271875 0.022412 0.028125
0 0.351524 0.284765 0.043506 0.072656
0 0.274400 0.283594 0.047461 0.037500
0 0.260557 0.256640 0.019775 0.039844
0 0.165687 0.274974 0.051313 0.031303
1 0.056855 0.270763 0.039582 0.039522
0 0.320542 0.305859 0.063281 0.091406
0 0.211778 0.307031 0.119971 0.070312
1 0.785923 0.375000 0.187207 0.328125
0 0.620469 0.551953 0.386279 0.419531
0 0.016588 0.274923 0.031592 0.043683
