0 0.456093 0.262654 0.009356 0.018018
0 0.416331 0.253645 0.014034 0.022177
0 0.406195 0.254338 0.006237 0.015246
0 0.394890 0.269584 0.027288 0.037423
0 0.370721 0.264733 0.021050 0.036037
0 0.443228 0.278593 0.025728 0.033265
0 0.285896 0.307146 0.174173 0.237289
0 0.186257 0.273326 0.035084 0.038809
0 0.441201 0.260159 0.013254 0.015246
0 0.540216 0.310749 0.067829 0.088706
0 0.723823 0.344707 0.148133 0.162166
0 0.938693 0.504794 0.120065 0.340965
0 0.054292 0.367949 0.108583 0.279979
3 0.155344 0.343737 0.096676 0.079004
1 0.437966 0.239091 0.017932 0.033265
0 0.490202 0.275821 0.011695 0.018018
