0 0.064237 0.422583 0.022942 0.025831
0 0.083355 0.427341 0.012236 0.013595
0 0.094826 0.426662 0.013765 0.014955
0 0.112797 0.425302 0.013000 0.012236
0 0.126945 0.423943 0.012236 0.012236
0 0.138798 0.423943 0.016059 0.017674
0 0.154475 0.425982 0.018353 0.016314
0 0.172829 0.425302 0.021412 0.014955
0 0.188888 0.424622 0.015295 0.016314
0 0.198829 0.423943 0.010706 0.012236
0 0.238978 0.422583 0.011471 0.017674
0 0.256184 0.421224 0.006118 0.020393
0 0.275302 0.422583 0.007647 0.014955
0 0.296332 0.423263 0.008412 0.016314
0 0.310097 0.423943 0.017589 0.025831
0 0.285244 0.423943 0.015295 0.023112
0 0.263449 0.421224 0.014530 0.023112
0 0.242801 0.423943 0.013000 0.020393
0 0.350118 0.421224 0.006883 0.017674
2 0.403649 0.414199 0.022177 0.036254
2 0.375099 0.408308 0.020648 0.021752
0 0.360824 0.424169 0.009941 0.016314
0 0.370766 0.424169 0.009941 0.019033
0 0.381472 0.424849 0.013000 0.020393
0 0.409384 0.426888 0.022942 0.032628
0 0.432836 0.429381 0.022942 0.031269
0 0.458964 0.427341 0.019118 0.027190
0 0.470818 0.428701 0.016824 0.029909
0 0.484583 0.430060 0.024471 0.035347
0 0.511348 0.430740 0.033648 0.033988
0 0.534035 0.425982 0.018353 0.032628
0 0.577625 0.428701 0.061178 0.059819
0 0.633705 0.430060 0.071884 0.076133
0 0.743443 0.447508 0.029824 0.058459
0 0.773268 0.445468 0.051237 0.054381
0 0.040034 0.457923 0.070639 0.071761
0 0.003619 0.469136 0.007237 0.053821
