0 0.430378 0.378659 0.038018 0.064121
0 0.571237 0.429782 0.167667 0.201027
0 0.631188 0.363062 0.028269 0.053723
0 0.645323 0.369994 0.015597 0.043325
0 0.793981 0.363928 0.084808 0.069320
0 0.725744 0.364795 0.053614 0.057189
0 0.453773 0.360462 0.012673 0.020796
0 0.408444 0.363062 0.009748 0.025995
0 0.187163 0.377792 0.066287 0.041592
0 0.133061 0.393389 0.032169 0.038126
0 0.107716 0.402054 0.039967 0.034660
0 0.079934 0.397722 0.015597 0.022529
0 0.061413 0.385591 0.042892 0.029461
0 0.043866 0.407253 0.087733 0.058922
1 0.470832 0.351797 0.021446 0.038126
0 0.966522 0.382125 0.065312 0.116110
0 0.978220 0.339666 0.041917 0.062388
