0 0.521458 0.548104 0.011996 0.025592
0 0.531055 0.550237 0.011996 0.034123
0 0.546050 0.551303 0.025193 0.036256
0 0.575140 0.554502 0.023389 0.051185
0 0.642622 0.542772 0.045586 0.040521
0 0.682210 0.533175 0.050385 0.051185
0 0.720599 0.537440 0.055184 0.059716
0 0.816570 0.528910 0.079176 0.068246
0 0.884350 0.526777 0.073178 0.089573
0 0.949131 0.522512 0.094772 0.106635
0 0.433884 0.567298 0.019194 0.025592
0 0.420088 0.547038 0.015595 0.014929
0 0.408091 0.558767 0.022793 0.025592
0 0.409891 0.582227 0.033590 0.046919
0 0.128545 0.625610 0.190803 0.187163
0 0.354707 0.597156 0.071979 0.098104
0 0.460876 0.583293 0.034790 0.057583
0 0.596582 0.548492 0.035093 0.046791
