0 0.427149 0.373921 0.012292 0.026709
0 0.458562 0.370279 0.015024 0.019424
0 0.468805 0.365423 0.019121 0.024281
0 0.483829 0.365423 0.010926 0.014568
0 0.497487 0.366637 0.016389 0.021853
0 0.512510 0.369065 0.013658 0.021853
0 0.516608 0.383633 0.019121 0.026709
0 0.473585 0.383633 0.020487 0.031565
0 0.413491 0.379991 0.034145 0.043705
0 0.445587 0.381205 0.035510 0.036421
0 0.489292 0.389704 0.049168 0.043705
0 0.543923 0.388490 0.051900 0.043705
0 0.927708 0.415198 0.038242 0.038849
0 0.705769 0.389704 0.050534 0.050989
0 0.302862 0.437051 0.077850 0.082554
0 0.724207 0.446763 0.133847 0.082554
0 0.094581 0.440086 0.114726 0.091052
0 0.595140 0.373921 0.036876 0.041277
