0 0.307707 0.562840 0.050472 0.065257
0 0.432454 0.563350 0.018927 0.033648
0 0.455396 0.566409 0.029251 0.043844
0 0.496404 0.564369 0.016059 0.023452
0 0.536266 0.558251 0.013192 0.021412
0 0.533971 0.563859 0.012044 0.016314
0 0.245478 0.569977 0.085458 0.073414
0 0.405784 0.566409 0.032119 0.037727
0 0.149041 0.570997 0.122327 0.114199
0 0.510743 0.565899 0.010324 0.026511
0 0.068675 0.572119 0.110121 0.096866
0 0.356595 0.583844 0.076855 0.087689
0 0.475893 0.577727 0.040148 0.061178
0 0.522063 0.570079 0.016633 0.023452
2 0.562728 0.551114 0.021795 0.076473
2 0.642164 0.529192 0.145107 0.210045
0 0.078564 0.570567 0.081669 0.081510
