0 0.044932 0.660776 0.089501 0.310927
0 0.949950 0.778980 0.098456 0.150770
0 0.098697 0.667571 0.029727 0.045795
0 0.185701 0.654204 0.036068 0.046791
0 0.789878 0.688125 0.121289 0.084375
0 0.632163 0.665469 0.039967 0.034660
0 0.662382 0.668068 0.043866 0.019063
0 0.715996 0.670668 0.038018 0.017330
0 0.733056 0.666335 0.029244 0.025995
0 0.758401 0.675867 0.038992 0.013864
0 0.862705 0.676733 0.040942 0.039859
0 0.895848 0.671534 0.052640 0.032927
0 0.913395 0.702728 0.159868 0.077985
0 0.153426 0.666335 0.040180 0.036393
0 0.509825 0.687998 0.056539 0.069320
0 0.473814 0.669801 0.009863 0.015597
0 0.333229 0.709495 0.183575 0.219759
0 0.987632 0.685781 0.023730 0.046875
