0 0.434764 0.375193 0.015597 0.019063
0 0.419655 0.378659 0.018521 0.022529
0 0.406007 0.385591 0.018521 0.029461
0 0.392360 0.388190 0.018521 0.034660
0 0.372377 0.387324 0.031194 0.050257
0 0.343717 0.393389 0.049520 0.069320
0 0.298876 0.409853 0.061218 0.091849
0 0.233661 0.421983 0.098456 0.112644
0 0.134231 0.449711 0.170981 0.185430
0 0.014817 0.489570 0.029634 0.195828
0 0.485162 0.376926 0.012673 0.015597
0 0.495397 0.381258 0.011698 0.020796
0 0.503196 0.385591 0.019496 0.032927
0 0.513919 0.393389 0.019496 0.045058
0 0.545113 0.398588 0.054589 0.086650
0 0.583130 0.406387 0.068237 0.109178
0 0.605551 0.416785 0.066287 0.123042
0 0.659165 0.436714 0.136473 0.190629
0 0.784038 0.476573 0.225181 0.253017
0 0.921486 0.564782 0.153045 0.358729
