1 0.528520 0.474356 0.035128 0.062449
0 0.581728 0.492723 0.015497 0.025714
0 0.560032 0.489050 0.027895 0.033061
0 0.379745 0.487213 0.018597 0.044082
0 0.262481 0.480784 0.023763 0.023878
0 0.197392 0.477111 0.054758 0.034898
0 0.402991 0.494560 0.050625 0.062449
0 0.507340 0.492723 0.021696 0.033061
0 0.664898 0.479866 0.016531 0.018367
1 0.043967 0.439458 0.057857 0.113878
0 0.303807 0.500988 0.083686 0.082653
0 0.461365 0.493641 0.072321 0.115714
0 0.970197 0.438539 0.056824 0.299388
0 0.735166 0.483281 0.022412 0.023437
