0 0.330947 0.651085 0.112103 0.140372
1 0.524957 0.602148 0.102401 0.175858
0 0.400646 0.628556 0.052640 0.077985
0 0.425016 0.623357 0.015597 0.053723
0 0.438664 0.618158 0.015597 0.050257
0 0.456210 0.610360 0.017547 0.048524
0 0.471320 0.610360 0.016572 0.034660
0 0.600969 0.610360 0.045816 0.062388
0 0.649709 0.599962 0.047766 0.055456
0 0.682853 0.599095 0.049715 0.067587
0 0.736955 0.606894 0.081884 0.083184
0 0.815427 0.592163 0.190088 0.098781
0 0.816889 0.604294 0.161818 0.129974
0 0.831998 0.624224 0.151095 0.128241
0 0.887563 0.624224 0.153045 0.145571
0 0.912420 0.654551 0.120876 0.154236
