0 0.473233 0.493762 0.015130 0.026898
0 0.456662 0.498245 0.019453 0.028178
0 0.508896 0.507211 0.017291 0.025617
0 0.498449 0.500807 0.013689 0.017932
0 0.424789 0.496836 0.012968 0.014089
0 0.414702 0.495555 0.010087 0.016651
0 0.407137 0.495555 0.010807 0.016651
0 0.397771 0.496196 0.013689 0.017932
0 0.384443 0.494274 0.015850 0.021774
0 0.372915 0.496196 0.014409 0.020493
0 0.360667 0.492993 0.012968 0.019213
0 0.343736 0.491713 0.018012 0.021774
0 0.321762 0.495555 0.021614 0.029459
0 0.301949 0.496196 0.023775 0.033302
0 0.281055 0.496196 0.020894 0.033302
