4 0.136961 0.513832 0.049715 0.147304
0 0.022421 0.479172 0.044841 0.105712
0 0.240290 0.438447 0.049715 0.058922
0 0.333384 0.455777 0.054589 0.100514
0 0.638012 0.523364 0.193987 0.277279
0 0.391873 0.444512 0.023395 0.043325
0 0.435739 0.448845 0.027295 0.034660
1 0.883663 0.555424 0.217382 0.213158
1 0.940202 0.465308 0.114053 0.064121
0 0.990405 0.619545 0.017547 0.140372
0 0.277820 0.435847 0.029244 0.029461
0 0.368965 0.454044 0.016572 0.045058
0 0.568800 0.466175 0.036068 0.051990
0 0.540044 0.464442 0.031194 0.051990
2 0.506413 0.440180 0.047766 0.058922
2 0.474244 0.436714 0.022421 0.051990
0 0.389436 0.410719 0.020471 0.020796
0 0.419655 0.433248 0.012673 0.027728
0 0.451823 0.428049 0.012673 0.024262
