0 0.573114 0.206321 0.011462 0.010189
0 0.566666 0.219057 0.007164 0.020377
0 0.573114 0.219057 0.011462 0.010189
0 0.580994 0.220330 0.012895 0.012736
0 0.083101 0.273821 0.065908 0.043302
0 0.093847 0.350236 0.161905 0.145189
0 0.200160 0.277642 0.027223 0.040755
0 0.324812 0.285283 0.047282 0.076415
0 0.516375 0.236887 0.011462 0.015283
0 0.507779 0.241981 0.011462 0.025472
0 0.483421 0.252170 0.014328 0.020377
0 0.473392 0.258538 0.014328 0.022925
0 0.454766 0.258538 0.017193 0.028019
0 0.441871 0.259812 0.020059 0.030566
0 0.423961 0.266179 0.024357 0.033113
0 0.583716 0.222878 0.011462 0.022925
0 0.589447 0.226698 0.011462 0.025472
0 0.599477 0.226698 0.020059 0.030566
0 0.612372 0.230519 0.022925 0.033113
0 0.622401 0.235613 0.022925 0.038208
0 0.646042 0.241981 0.053013 0.071321
0 0.687880 0.243255 0.044416 0.089151
0 0.725419 0.253444 0.081669 0.104434
0 0.849928 0.277642 0.166203 0.152830
0 0.969565 0.224151 0.058744 0.106981
2 0.383700 0.258538 0.071639 0.104434
