0 0.006824 0.510366 0.013647 0.112644
0 0.044841 0.454044 0.089682 0.079718
1 0.335821 0.420250 0.022421 0.098781
1 0.355317 0.425449 0.028269 0.084917
1 0.373351 0.425449 0.015597 0.064121
1 0.386999 0.427182 0.013647 0.053723
0 0.864327 0.500835 0.270341 0.204493
0 0.501051 0.445379 0.029244 0.038126
0 0.395285 0.427182 0.010723 0.029461
0 0.237366 0.447978 0.201785 0.303274
0 0.410882 0.419384 0.028269 0.051990
0 0.549792 0.467908 0.050690 0.065854
4 0.479605 0.453177 0.009748 0.036393
0 0.446462 0.431515 0.013647 0.013864
0 0.431352 0.426316 0.016572 0.024262
