0 0.415005 0.606114 0.010135 0.009702
0 0.403700 0.623439 0.018711 0.036037
0 0.395514 0.617202 0.007017 0.012474
0 0.461004 0.625518 0.025728 0.048511
0 0.478157 0.604728 0.021050 0.026335
0 0.484394 0.615123 0.022610 0.036037
0 0.425531 0.605421 0.007796 0.008316
0 0.435744 0.649358 0.065646 0.090647
0 0.517919 0.622053 0.050677 0.069302
0 0.386548 0.622053 0.010915 0.013860
0 0.354583 0.622053 0.014034 0.019405
0 0.313885 0.617202 0.020271 0.015246
0 0.290106 0.628290 0.016373 0.029107
0 0.278022 0.640072 0.021830 0.036037
0 0.253073 0.641458 0.035864 0.047125
0 0.224226 0.652546 0.049897 0.055441
0 0.155773 0.666822 0.054575 0.065144
0 0.101750 0.684143 0.075301 0.088697
0 0.030718 0.697315 0.061436 0.092864
0 0.897606 0.679158 0.203487 0.465708
0 0.748304 0.675693 0.257283 0.286910
0 0.325372 0.669557 0.084202 0.103953
