0 0.497574 0.394657 0.025261 0.043548
0 0.536615 0.389214 0.052819 0.095262
0 0.551542 0.408947 0.047461 0.088458
0 0.574507 0.416432 0.042868 0.095262
0 0.642636 0.417112 0.122480 0.172833
0 0.773537 0.440927 0.223526 0.255847
0 0.900227 0.489919 0.198264 0.359274
0 0.390915 0.391028 0.010717 0.032661
0 0.377136 0.391709 0.015310 0.039466
0 0.336564 0.395111 0.029089 0.035383
0 0.362974 0.408039 0.016075 0.028579
0 0.287007 0.415168 0.054350 0.074849
0 0.244140 0.417890 0.035978 0.107510
0 0.197244 0.429360 0.062771 0.112954
0 0.139831 0.433443 0.062771 0.148337
0 0.054095 0.455217 0.107170 0.140171
0 0.448965 0.433542 0.098749 0.144254
0 0.404566 0.392715 0.013013 0.027218
