0 0.409732 0.420403 0.083254 0.130066
0 0.365582 0.402463 0.030274 0.040365
0 0.338367 0.373821 0.011937 0.021221
0 0.349386 0.381167 0.019283 0.026119
0 0.329644 0.378718 0.014692 0.021221
0 0.317248 0.383615 0.026629 0.027751
0 0.297506 0.384432 0.018365 0.035913
0 0.269959 0.386880 0.027547 0.031016
0 0.239199 0.375453 0.011937 0.014692
0 0.250676 0.387697 0.023874 0.035913
0 0.229557 0.389329 0.036729 0.035913
0 0.215784 0.390145 0.029383 0.031016
0 0.175382 0.374637 0.067949 0.065296
0 0.085854 0.366475 0.133143 0.091415
0 0.081143 0.386146 0.129711 0.081784
