0 0.419419 0.512578 0.023730 0.025781
0 0.398326 0.517265 0.021094 0.035156
0 0.384483 0.502031 0.025049 0.018750
0 0.384483 0.533672 0.017139 0.049219
0 0.351524 0.530156 0.054053 0.093750
0 0.283628 0.552421 0.110742 0.175781
0 0.470176 0.514922 0.011865 0.021094
0 0.446446 0.519609 0.030322 0.039844
0 0.489951 0.516093 0.027686 0.046875
0 0.554551 0.552421 0.080420 0.100781
0 0.661997 0.502031 0.031641 0.023437
0 0.689024 0.514922 0.059326 0.044531
0 0.126653 0.602812 0.253306 0.346875
0 0.736955 0.503434 0.058488 0.039859
