0 0.076035 0.471374 0.150120 0.395122
0 0.155969 0.292876 0.118927 0.117843
0 0.238730 0.292876 0.051665 0.072786
0 0.345959 0.285077 0.028269 0.050257
0 0.364968 0.279012 0.015597 0.038126
0 0.297219 0.290276 0.065312 0.091849
0 0.410297 0.316271 0.090657 0.123042
0 0.471222 0.286810 0.037043 0.060655
0 0.496080 0.285077 0.012673 0.036393
0 0.508265 0.279012 0.009748 0.031194
0 0.607695 0.291143 0.054589 0.100514
0 0.627484 0.306740 0.045816 0.103980
0 0.704006 0.325802 0.124775 0.194095
0 0.859098 0.349198 0.279770 0.462709
0 0.553496 0.288543 0.021446 0.029461
0 0.525226 0.283344 0.029244 0.043325
