0 0.429307 0.487968 0.011865 0.028125
0 0.420078 0.490312 0.014502 0.032812
0 0.405576 0.496172 0.017139 0.035156
0 0.474131 0.483281 0.014502 0.018750
0 0.478745 0.487968 0.018457 0.028125
0 0.487315 0.490312 0.019775 0.042187
0 0.500498 0.505547 0.032959 0.044531
0 0.527525 0.518437 0.036914 0.093750
0 0.280332 0.540703 0.067236 0.096094
0 0.189366 0.548906 0.127881 0.187500
0 0.824814 0.654375 0.349365 0.389062
0 0.064781 0.567656 0.129199 0.276562
0 0.975767 0.819609 0.047461 0.302344
0 0.444468 0.487968 0.018457 0.028125
0 0.386460 0.504375 0.029004 0.051562
0 0.565098 0.532500 0.080420 0.121875
0 0.637608 0.510000 0.043506 0.037500
