0 0.332739 0.394386 0.010926 0.019424
0 0.340934 0.399242 0.013658 0.014568
0 0.352543 0.410169 0.012292 0.016996
0 0.355957 0.419881 0.013658 0.016996
0 0.363469 0.425951 0.015024 0.019424
0 0.366201 0.429593 0.020487 0.021853
0 0.377810 0.440519 0.021853 0.038849
0 0.394882 0.457516 0.034145 0.048561
0 0.416735 0.473298 0.031413 0.060701
0 0.435856 0.481796 0.050534 0.063130
0 0.323861 0.400456 0.012292 0.012140
0 0.326593 0.412597 0.017755 0.016996
0 0.313618 0.406527 0.010926 0.019424
0 0.305423 0.410169 0.008195 0.021853
0 0.283571 0.418667 0.016389 0.024281
0 0.297912 0.415025 0.012292 0.021853
0 0.264450 0.419881 0.024584 0.046133
0 0.330690 0.424737 0.017755 0.026709
0 0.500047 0.503649 0.121555 0.111691
0 0.144944 0.508505 0.255402 0.310792
0 0.838079 0.701883 0.319593 0.594875
