0 0.449874 0.502568 0.010723 0.027728
0 0.498614 0.505167 0.014622 0.032927
0 0.558565 0.494769 0.031194 0.074519
0 0.578061 0.502568 0.021446 0.055456
0 0.600969 0.505167 0.043866 0.064121
0 0.618028 0.461842 0.044841 0.025995
0 0.526884 0.487837 0.041917 0.084917
0 0.256862 0.517298 0.022421 0.039859
0 0.284644 0.513832 0.027295 0.046791
0 0.225181 0.509500 0.044841 0.058922
0 0.195936 0.510366 0.017547 0.053723
0 0.365553 0.515565 0.019496 0.036393
0 0.326561 0.507767 0.056539 0.058922
0 0.023883 0.522497 0.047766 0.136906
0 0.058001 0.516432 0.057514 0.097048
0 0.124775 0.527696 0.144272 0.129974
0 0.409419 0.496502 0.068237 0.109178
0 0.476194 0.496502 0.041917 0.060655
0 0.729795 0.563659 0.306762 0.292017
0 0.975295 0.549358 0.043866 0.121309
