0 0.426533 0.550000 0.016699 0.018750
1 0.445430 0.542187 0.017578 0.021875
1 0.399287 0.530469 0.032520 0.054687
0 0.343916 0.552344 0.027246 0.039062
0 0.363691 0.564844 0.040430 0.045312
1 0.316230 0.530469 0.040430 0.051562
0 0.269648 0.544531 0.026367 0.020312
1 0.216914 0.525000 0.066797 0.056250
0 0.217769 0.561670 0.058887 0.046875
0 0.125044 0.565576 0.098437 0.085937
0 0.066597 0.556982 0.029004 0.021875
1 0.027366 0.521045 0.054732 0.087500
1 0.568892 0.558545 0.026367 0.050000
0 0.546919 0.567139 0.028125 0.035937
