0 0.018485 0.453285 0.036970 0.210045
0 0.391612 0.494184 0.082973 0.084290
0 0.581520 0.474471 0.007265 0.017674
0 0.592035 0.474471 0.013765 0.020393
0 0.601212 0.477190 0.017589 0.024471
0 0.610572 0.480216 0.017971 0.033988
0 0.625866 0.483275 0.019501 0.034668
0 0.638867 0.485314 0.019501 0.036027
1 0.675933 0.465310 0.056208 0.113520
0 0.556062 0.476526 0.032119 0.038066
0 0.859371 0.508411 0.029442 0.042954
0 0.880784 0.509366 0.043972 0.050302
0 0.900475 0.510385 0.071120 0.067296
0 0.932403 0.516503 0.068443 0.072734
0 0.973603 0.523430 0.051619 0.101284
0 0.792554 0.539064 0.146063 0.152946
1 0.352309 0.437143 0.037194 0.093673
4 0.277404 0.494082 0.044426 0.060612
