0 0.254597 0.677600 0.010723 0.013864
0 0.239488 0.687131 0.009748 0.015597
0 0.143469 0.687998 0.012673 0.024262
0 0.134209 0.699262 0.015597 0.025995
0 0.117150 0.697529 0.012672 0.019063
0 0.075233 0.713126 0.022421 0.022529
0 0.016257 0.707927 0.017547 0.025995
0 0.188311 0.688864 0.006824 0.022529
0 0.863365 0.649872 0.035093 0.024262
0 0.839970 0.667202 0.042892 0.031194
0 0.866289 0.685398 0.064337 0.050257
0 0.750287 0.727857 0.171566 0.201027
0 0.668403 0.663736 0.023395 0.027728
0 0.693261 0.646406 0.010723 0.017330
0 0.412516 0.662869 0.018521 0.032927
0 0.312111 0.668068 0.080909 0.050257
0 0.360364 0.681932 0.019496 0.029461
0 0.912420 0.707061 0.173516 0.256483
0 0.921193 0.849166 0.155969 0.298075
0 0.207147 0.690597 0.022421 0.032927
0 0.168154 0.693197 0.028269 0.034660
0 0.100405 0.703595 0.021446 0.031194
0 0.296829 0.801509 0.176440 0.258216
1 0.552229 0.635141 0.310964 0.532028
2 0.938740 0.578819 0.116977 0.207959
