0 0.937170 0.338745 0.043433 0.024908
0 0.904245 0.343727 0.016813 0.014945
0 0.890234 0.346218 0.011208 0.019926
0 0.876224 0.343727 0.019615 0.019926
0 0.829288 0.346218 0.026620 0.019926
0 0.805470 0.344972 0.032224 0.017435
0 0.660600 0.361162 0.012610 0.014945
0 0.624173 0.356181 0.012610 0.014945
0 0.610162 0.358672 0.015412 0.019926
0 0.636082 0.359917 0.016813 0.022417
0 0.669707 0.359917 0.011208 0.022417
0 0.597553 0.351199 0.021016 0.014945
0 0.581440 0.352445 0.016813 0.017435
0 0.563927 0.352445 0.012610 0.012454
0 0.553419 0.354936 0.019615 0.012454
0 0.542911 0.358672 0.021016 0.014945
0 0.523296 0.354936 0.015412 0.017435
0 0.509286 0.356181 0.015412 0.019926
0 0.493174 0.356181 0.016813 0.019926
0 0.475660 0.357426 0.021016 0.012454
0 0.452543 0.358672 0.028021 0.014945
2 0.374784 0.358672 0.071454 0.059779
0 0.278111 0.376107 0.037829 0.044834
0 0.325747 0.384825 0.060246 0.062269
0 0.231175 0.386070 0.089668 0.074723
