0 0.442777 0.446371 0.013473 0.021774
0 0.461762 0.444194 0.024496 0.013065
0 0.466661 0.457258 0.024496 0.017419
0 0.486870 0.451815 0.015922 0.023952
0 0.517490 0.455081 0.018372 0.030484
0 0.377863 0.470323 0.052666 0.056613
0 0.331321 0.483387 0.030620 0.060968
0 0.297026 0.489919 0.064914 0.082742
0 0.255383 0.504073 0.045318 0.067500
0 0.211903 0.501895 0.061240 0.067500
0 0.154337 0.520403 0.058790 0.060968
0 0.026346 0.549798 0.050217 0.111048
0 0.061183 0.538324 0.021906 0.053262
0 0.633846 0.444194 0.099209 0.095806
0 0.697536 0.448548 0.157999 0.108871
0 0.878806 0.524758 0.238836 0.448548
