0 0.484621 0.383359 0.018560 0.021650
0 0.490552 0.390023 0.014041 0.024961
0 0.496987 0.399384 0.017551 0.027042
0 0.513953 0.393144 0.016381 0.014561
0 0.530334 0.404584 0.018721 0.029122
0 0.566021 0.412905 0.015211 0.029122
0 0.584743 0.413945 0.024571 0.039522
0 0.602294 0.414985 0.031592 0.037442
0 0.616919 0.421225 0.035102 0.041602
0 0.439654 0.398344 0.012871 0.024961
0 0.426198 0.397575 0.016381 0.030659
0 0.408540 0.401670 0.015024 0.033993
0 0.395565 0.402884 0.016389 0.026709
0 0.286985 0.413811 0.061460 0.063130
0 0.370298 0.393172 0.039608 0.070414
0 0.421515 0.402884 0.021853 0.036421
0 0.450196 0.408955 0.027316 0.038849
0 0.514388 0.415025 0.030047 0.041277
0 0.662576 0.453874 0.099702 0.109263
0 0.191380 0.416239 0.140676 0.194245
0 0.077099 0.449098 0.154198 0.318236
0 0.821689 0.408955 0.008195 0.033993
0 0.840810 0.439305 0.035510 0.036421
0 0.815543 0.428379 0.069655 0.048561
