4 0.386123 0.768814 0.016381 0.029122
0 0.281987 0.764654 0.149769 0.108166
0 0.217048 0.744893 0.054993 0.076965
0 0.352191 0.770686 0.030422 0.052003
0 0.508395 0.741772 0.010531 0.020801
0 0.471538 0.742605 0.011701 0.024961
0 0.462178 0.747805 0.009361 0.022881
0 0.492015 0.748845 0.038612 0.049923
0 0.538115 0.744269 0.015211 0.024129
0 0.561517 0.743853 0.012871 0.020801
0 0.573217 0.742813 0.010531 0.014561
0 0.584450 0.743645 0.010531 0.014561
0 0.628913 0.748845 0.033932 0.041602
0 0.702510 0.763822 0.049143 0.070724
0 0.791786 0.749053 0.149067 0.172650
