0 0.582679 0.473061 0.046278 0.048615
0 0.717831 0.460907 0.013673 0.020568
0 0.705209 0.464647 0.013673 0.016828
0 0.694692 0.464647 0.015776 0.020568
0 0.678389 0.463712 0.016828 0.022438
0 0.728874 0.460907 0.010518 0.028047
0 0.765160 0.456233 0.011569 0.026177
0 0.783040 0.459038 0.019984 0.031787
0 0.745177 0.464647 0.028398 0.046745
0 0.643155 0.487085 0.074675 0.102839
0 0.315004 0.520741 0.175645 0.140236
0 0.795661 0.469322 0.011569 0.041136
2 0.844568 0.430056 0.096763 0.149585
0 0.100519 0.555066 0.201038 0.250554
0 0.951473 0.504981 0.095711 0.304779
