0 0.501582 0.503390 0.011701 0.008320
0 0.518548 0.507550 0.026912 0.033282
0 0.522644 0.516911 0.021061 0.031202
0 0.646671 0.518991 0.053823 0.031202
0 0.811651 0.553313 0.149769 0.091525
0 0.366439 0.486749 0.019891 0.024961
0 0.347133 0.497150 0.016381 0.020801
0 0.334847 0.498190 0.012871 0.022881
0 0.316711 0.466988 0.030422 0.022881
0 0.317881 0.494030 0.032762 0.035362
0 0.292725 0.495070 0.019891 0.033282
0 0.239487 0.483629 0.016381 0.018721
0 0.195024 0.473228 0.053823 0.035362
0 0.078017 0.458668 0.049143 0.031202
0 0.027893 0.478429 0.055786 0.120647
0 0.483446 0.506510 0.022231 0.035362
0 0.546045 0.526272 0.039782 0.054083
