1 0.466144 0.337939 0.013765 0.035347
0 0.453156 0.350658 0.016824 0.036707
0 0.445509 0.350658 0.015295 0.036707
0 0.435130 0.353701 0.022942 0.036707
0 0.430160 0.359139 0.017589 0.036707
0 0.420218 0.359819 0.022177 0.057100
0 0.404541 0.364577 0.036707 0.072054
0 0.401100 0.376813 0.019118 0.066616
0 0.379687 0.368656 0.045119 0.093807
0 0.336225 0.372734 0.088708 0.115559
0 0.481243 0.348036 0.017589 0.024471
1 0.496538 0.331042 0.022177 0.047583
0 0.504466 0.347810 0.022942 0.036707
0 0.511221 0.353248 0.022177 0.036707
0 0.522309 0.358686 0.026001 0.042145
0 0.550987 0.371420 0.026765 0.087009
0 0.607030 0.361923 0.101709 0.175378
4 0.337547 0.524120 0.315833 0.273263
