4 0.629726 0.482638 0.021446 0.057189
0 0.329972 0.504301 0.071161 0.076252
0 0.470345 0.464442 0.059463 0.093582
0 0.591708 0.453177 0.042892 0.050257
0 0.372377 0.488704 0.037043 0.065854
0 0.395285 0.480905 0.020471 0.053723
0 0.406982 0.475706 0.018521 0.036393
0 0.416243 0.467908 0.017547 0.041592
0 0.428428 0.465308 0.012673 0.032927
0 0.436227 0.459243 0.010723 0.024262
0 0.564901 0.449711 0.022421 0.032927
0 0.552716 0.446245 0.019496 0.032927
0 0.541506 0.448845 0.014622 0.024262
1 0.524934 0.436714 0.020471 0.038126
0 0.510312 0.447112 0.010723 0.020796
