0 0.393516 0.518217 0.004097 0.024281
0 0.401028 0.518217 0.008195 0.024281
0 0.386687 0.520645 0.009560 0.019424
0 0.378493 0.520645 0.006829 0.024281
0 0.432441 0.517003 0.010926 0.021853
0 0.454294 0.521859 0.008195 0.031565
0 0.467269 0.518217 0.023218 0.038849
0 0.497999 0.519431 0.049168 0.070414
0 0.200258 0.520645 0.024584 0.038849
0 0.172259 0.523073 0.036876 0.038849
0 0.131286 0.520645 0.034145 0.048561
0 0.084166 0.524287 0.038242 0.050989
0 0.032950 0.531572 0.064192 0.055845
0 0.358689 0.515789 0.035510 0.053417
0 0.552630 0.541284 0.073752 0.080126
0 0.693989 0.532786 0.080581 0.067986
0 0.766375 0.519431 0.061460 0.075270
0 0.418783 0.520645 0.027316 0.043705
0 0.332739 0.524287 0.010926 0.012140
