0 0.406162 0.439669 0.019802 0.022959
0 0.421229 0.437373 0.013776 0.012245
0 0.397122 0.440434 0.013776 0.021429
0 0.383777 0.439669 0.026690 0.022959
0 0.361823 0.445791 0.041327 0.026020
0 0.345895 0.448087 0.038744 0.036735
0 0.326953 0.451913 0.040466 0.044388
0 0.225789 0.457271 0.051658 0.058163
0 0.186185 0.467985 0.087819 0.079592
0 0.454807 0.441964 0.009471 0.015306
0 0.465139 0.445026 0.016358 0.021429
0 0.505605 0.440434 0.009471 0.015306
0 0.496564 0.442730 0.013776 0.019898
0 0.652529 0.458419 0.069739 0.084184
0 0.671901 0.474490 0.055102 0.085714
0 0.736474 0.475255 0.122258 0.133163
0 0.436512 0.449235 0.032717 0.044388
0 0.483865 0.448470 0.025829 0.039796
0 0.551666 0.446939 0.020663 0.030612
0 0.581370 0.453827 0.033578 0.041327
0 0.100159 0.549006 0.200319 0.489796
0 0.883929 0.499261 0.227296 0.301531
4 0.665099 0.502041 0.031856 0.093367
