0 0.666550 0.467335 0.023401 0.024961
0 0.812809 0.470455 0.065524 0.043683
0 0.891203 0.487096 0.170830 0.097766
0 0.626963 0.472535 0.017551 0.027042
0 0.608827 0.470455 0.025742 0.031202
0 0.608241 0.487096 0.036272 0.052003
0 0.593616 0.490216 0.035102 0.058243
0 0.514636 0.556087 0.164980 0.249615
0 0.368377 0.456241 0.057333 0.054083
0 0.333860 0.478082 0.070204 0.052003
0 0.155034 0.489523 0.036272 0.104006
0 0.189551 0.504084 0.093606 0.141448
0 0.119932 0.491950 0.031592 0.085285
0 0.090680 0.495070 0.064354 0.104006
0 0.045048 0.502350 0.090095 0.139368
0 0.019891 0.528352 0.039782 0.149769
