0 0.624660 0.475766 0.014698 0.015242
0 0.638745 0.479032 0.011023 0.021774
0 0.651606 0.483387 0.022046 0.026129
0 0.568932 0.472500 0.013473 0.021774
1 0.567094 0.456169 0.012248 0.019597
0 0.509529 0.468145 0.012248 0.026129
0 0.474010 0.465968 0.031845 0.043548
0 0.531575 0.475766 0.041643 0.058790
0 0.593428 0.479032 0.040418 0.065323
0 0.302538 0.463790 0.075938 0.100161
4 0.205779 0.474677 0.026946 0.060968
4 0.219864 0.477944 0.030620 0.058790
4 0.041656 0.486653 0.036744 0.063145
4 0.034307 0.475766 0.041643 0.063145
4 0.028183 0.475766 0.048992 0.071855
