0 0.601944 0.415918 0.008773 0.017330
0 0.593658 0.428915 0.009748 0.019063
0 0.587322 0.435847 0.018521 0.022529
0 0.582935 0.444512 0.015597 0.022529
0 0.572212 0.454044 0.021446 0.041592
0 0.557590 0.459243 0.027295 0.045058
0 0.557590 0.461842 0.019496 0.043325
0 0.543455 0.467041 0.034118 0.043325
0 0.526884 0.478306 0.028269 0.055456
0 0.643373 0.418518 0.015597 0.015597
0 0.646298 0.428049 0.013647 0.017330
0 0.655071 0.431515 0.015597 0.017330
0 0.663357 0.441913 0.020471 0.024262
0 0.664819 0.456643 0.027295 0.036393
0 0.715022 0.456643 0.018521 0.050257
0 0.733056 0.459243 0.031194 0.065854
0 0.750908 0.467928 0.032532 0.072825
0 0.497639 0.481772 0.057514 0.076252
0 0.629726 0.426316 0.013647 0.013864
0 0.609255 0.423716 0.011698 0.019063
0 0.620465 0.463575 0.039967 0.050257
0 0.785695 0.476573 0.070186 0.086650
0 0.689677 0.458376 0.036068 0.057189
0 0.221769 0.493036 0.119901 0.105712
0 0.105808 0.552723 0.209502 0.433046
0 0.905596 0.467908 0.044841 0.041592
