0 0.071727 0.450924 0.143455 0.195893
0 0.163864 0.416504 0.070948 0.087320
0 0.221168 0.388783 0.068609 0.087320
0 0.267556 0.383239 0.042881 0.059600
0 0.300691 0.373537 0.049897 0.062372
0 0.330570 0.370534 0.026508 0.044353
0 0.346942 0.364990 0.031186 0.047125
0 0.367603 0.362218 0.024169 0.036037
0 0.383586 0.355287 0.023389 0.036037
0 0.399178 0.352515 0.017152 0.036037
0 0.411263 0.355287 0.007017 0.024949
0 0.457652 0.344661 0.015593 0.016632
0 0.487278 0.339810 0.007796 0.012474
0 0.468177 0.339810 0.007017 0.018018
0 0.503651 0.340503 0.006237 0.013860
0 0.509109 0.338424 0.006237 0.009702
0 0.526651 0.341889 0.017932 0.033265
0 0.539515 0.329415 0.014034 0.011088
0 0.555497 0.337731 0.007017 0.019405
0 0.565243 0.340503 0.012474 0.019405
0 0.574599 0.344661 0.010915 0.030493
0 0.580446 0.345354 0.014813 0.037423
0 0.582395 0.348819 0.012474 0.027721
0 0.595259 0.348819 0.024169 0.044353
0 0.601107 0.356442 0.024949 0.040195
0 0.611632 0.359676 0.030406 0.051283
0 0.615920 0.361756 0.021830 0.052669
0 0.635801 0.368686 0.045999 0.066530
0 0.652173 0.377002 0.045999 0.074846
0 0.444268 0.346509 0.019491 0.024949
0 0.496894 0.340965 0.009356 0.013860
0 0.475844 0.341658 0.018711 0.023563
0 0.539385 0.354825 0.028847 0.047125
0 0.682450 0.399178 0.073287 0.088706
