0 0.447274 0.557908 0.017219 0.012245
1 0.464001 0.556706 0.016358 0.039796
1 0.485095 0.556706 0.036161 0.045918
0 0.495547 0.571684 0.035181 0.041327
0 0.524905 0.579082 0.027551 0.058163
0 0.540833 0.579847 0.040466 0.062755
0 0.630373 0.582143 0.049075 0.033673
0 0.292299 0.567245 0.057685 0.045918
0 0.344244 0.556327 0.016932 0.027959
0 0.385284 0.561735 0.016358 0.018367
1 0.422650 0.553113 0.031856 0.070510
0 0.571827 0.592092 0.055963 0.065816
0 0.736560 0.716174 0.276371 0.280102
1 0.029416 0.533164 0.057685 0.156123
1 0.211081 0.535459 0.078348 0.062755
