0 0.436241 0.504194 0.021444 0.020183
0 0.459577 0.505315 0.027751 0.031395
0 0.403444 0.510922 0.026490 0.033638
0 0.370016 0.513164 0.025228 0.038123
0 0.351726 0.509800 0.013876 0.053821
0 0.300008 0.516154 0.034058 0.056063
0 0.284240 0.530731 0.032797 0.049336
0 0.255858 0.536337 0.046673 0.060548
0 0.232522 0.534094 0.030274 0.074003
0 0.196151 0.540822 0.067696 0.087458
0 0.143381 0.531852 0.047934 0.091943
0 0.495317 0.501578 0.012614 0.017940
0 0.510454 0.510548 0.012614 0.031395
0 0.522438 0.511669 0.018921 0.042608
0 0.548928 0.517275 0.041627 0.067276
0 0.592447 0.524003 0.055502 0.076246
0 0.940809 0.693687 0.117312 0.264618
0 0.017029 0.680980 0.034058 0.273588
0 0.728259 0.515033 0.211918 0.152492
