0 0.447016 0.601990 0.043048 0.038265
0 0.407411 0.607347 0.027551 0.036735
0 0.358336 0.615766 0.079209 0.087245
0 0.199863 0.642245 0.251403 0.257143
0 0.622223 0.595255 0.006027 0.013776
0 0.617918 0.597551 0.009471 0.018367
0 0.614474 0.599847 0.011193 0.022959
0 0.611891 0.605204 0.011193 0.027551
0 0.598977 0.608266 0.028412 0.042857
0 0.632124 0.591429 0.015497 0.033673
0 0.632555 0.601378 0.016358 0.026020
0 0.645039 0.618215 0.041327 0.059694
0 0.688948 0.640408 0.079209 0.119388
0 0.741037 0.583776 0.038744 0.021429
0 0.815855 0.679439 0.239350 0.218878
0 0.989056 0.707938 0.018080 0.123980
0 0.527200 0.634184 0.151531 0.290816
