0 0.486580 0.343495 0.008767 0.017984
0 0.460503 0.343495 0.016410 0.015586
0 0.440046 0.347691 0.015511 0.026377
0 0.422175 0.350688 0.022930 0.037167
0 0.652145 0.335702 0.013488 0.021581
0 0.311910 0.353086 0.028999 0.047957
0 0.396660 0.354085 0.043836 0.050355
0 0.341696 0.354685 0.047208 0.051554
0 0.475228 0.343894 0.016186 0.022780
0 0.636297 0.339099 0.022255 0.034769
0 0.608647 0.338499 0.020906 0.026377
0 0.587066 0.336101 0.016860 0.023979
0 0.573915 0.337300 0.014837 0.026377
0 0.670691 0.337900 0.020906 0.025178
0 0.733772 0.335530 0.043716 0.040764
