2 0.033640 0.552273 0.064354 0.104006
2 0.316796 0.541872 0.064354 0.104006
2 0.511613 0.533552 0.072544 0.108166
0 0.406892 0.531472 0.047973 0.020801
0 0.659042 0.527312 0.049143 0.024962
0 0.643831 0.561634 0.046803 0.039522
0 0.729246 0.549153 0.025742 0.043683
0 0.774294 0.542913 0.064354 0.064484
0 0.810566 0.546033 0.036272 0.045763
1 0.859124 0.539792 0.067864 0.054083
0 0.939274 0.538752 0.073714 0.056163
0 0.976772 0.533552 0.043404 0.054083
2 0.599953 0.521071 0.054993 0.016641
0 0.697620 0.554890 0.068860 0.056108
0 0.718729 0.537037 0.041125 0.054408
