0 0.518725 0.534173 0.016389 0.009712
0 0.509164 0.537815 0.021853 0.012140
0 0.509164 0.551170 0.016389 0.019424
0 0.534158 0.540243 0.015024 0.016996
0 0.540304 0.542671 0.013658 0.021853
0 0.566937 0.546313 0.015024 0.019424
0 0.636592 0.554812 0.042339 0.041277
0 0.619519 0.549955 0.021853 0.021853
0 0.639323 0.557240 0.034145 0.041277
0 0.661859 0.560882 0.051900 0.058273
0 0.696413 0.559668 0.094239 0.065558
0 0.708705 0.566952 0.075118 0.070414
0 0.756507 0.602159 0.113360 0.140827
0 0.578751 0.548134 0.017755 0.031565
0 0.461293 0.549348 0.025950 0.043705
0 0.345543 0.559061 0.060094 0.072842
0 0.292961 0.569683 0.064192 0.074663
0 0.483146 0.553598 0.045071 0.070414
0 0.410076 0.564524 0.084679 0.131115
0 0.553006 0.549470 0.025950 0.031565
0 0.882160 0.647806 0.230817 0.228238
0 0.137125 0.628625 0.273157 0.386061
