0 0.630771 0.458959 0.007655 0.013609
0 0.607806 0.455557 0.013779 0.023135
0 0.589817 0.450794 0.006889 0.010887
0 0.669046 0.456237 0.010717 0.010887
0 0.639957 0.455557 0.012248 0.014970
0 0.651057 0.456237 0.009951 0.013609
0 0.659477 0.450794 0.009951 0.013609
0 0.573742 0.467125 0.034447 0.062601
0 0.597472 0.463042 0.019137 0.029940
0 0.421484 0.440519 0.021434 0.020413
0 0.403877 0.439839 0.010717 0.013609
0 0.362923 0.437797 0.026792 0.020413
0 0.386271 0.438478 0.030620 0.021774
0 0.267236 0.429632 0.020668 0.028579
0 0.305511 0.439158 0.045164 0.047631
0 0.223296 0.435756 0.074253 0.065323
0 0.122097 0.422828 0.071191 0.044909
0 0.622045 0.458211 0.015310 0.020413
0 0.495223 0.505861 0.153865 0.239516
