0 0.200168 0.369109 0.021795 0.028550
0 0.180667 0.379305 0.024089 0.065257
0 0.135357 0.383384 0.105532 0.134592
3 0.040722 0.440483 0.074561 0.122356
0 0.239169 0.370808 0.024089 0.038746
0 0.267846 0.366730 0.037854 0.046903
0 0.309715 0.365710 0.052766 0.057100
0 0.351010 0.361631 0.043589 0.065257
0 0.382555 0.363671 0.047031 0.073414
0 0.426527 0.359592 0.070737 0.093807
0 0.461322 0.369789 0.049325 0.085650
0 0.516956 0.382024 0.105532 0.110121
0 0.809273 0.358912 0.380835 0.595468
0 0.608532 0.361971 0.087179 0.197810
