0 0.558488 0.481475 0.010518 0.013089
0 0.552177 0.497369 0.008414 0.014958
0 0.546393 0.499238 0.011569 0.014958
0 0.541134 0.496434 0.007362 0.016828
0 0.536401 0.496434 0.008414 0.013089
0 0.530090 0.492694 0.010518 0.013089
0 0.524831 0.501108 0.016828 0.022438
0 0.524306 0.504848 0.013673 0.018698
0 0.520098 0.514197 0.017880 0.026177
0 0.498011 0.494564 0.011569 0.016828
0 0.450682 0.498304 0.011569 0.013089
0 0.439638 0.496434 0.010518 0.016828
0 0.430172 0.501108 0.014725 0.022438
0 0.417551 0.502043 0.012621 0.020568
0 0.402301 0.508587 0.017880 0.022438
0 0.383895 0.504848 0.014725 0.018698
0 0.374429 0.513262 0.018932 0.024307
0 0.339721 0.519806 0.027346 0.026177
0 0.238751 0.529155 0.029449 0.037396
0 0.205620 0.533830 0.059951 0.050485
1 0.651920 0.505783 0.051537 0.035526
1 0.844744 0.507653 0.104125 0.046745
0 0.823708 0.529155 0.045226 0.041136
0 0.870512 0.533830 0.090452 0.054224
0 0.951498 0.547230 0.079934 0.048615
0 0.710644 0.587431 0.124108 0.132756
