0 0.912876 0.470120 0.172151 0.238035
0 0.008608 0.374056 0.017215 0.066310
0 0.041125 0.370655 0.045907 0.056108
0 0.093248 0.371505 0.056427 0.044207
0 0.145372 0.368105 0.049732 0.047607
0 0.195582 0.368105 0.046863 0.040806
0 0.235272 0.366404 0.034430 0.034005
0 0.272094 0.365554 0.039212 0.032305
0 0.305089 0.364704 0.026779 0.030605
0 0.331868 0.364704 0.024866 0.027204
0 0.358169 0.363854 0.027735 0.022103
0 0.410770 0.364704 0.014346 0.017003
0 0.383991 0.363004 0.023910 0.017003
0 0.589138 0.367255 0.015302 0.045907
0 0.611613 0.382557 0.029648 0.045907
0 0.637435 0.390208 0.023910 0.051008
0 0.673778 0.398709 0.050689 0.078212
0 0.729727 0.419962 0.059296 0.100315
0 0.789024 0.440365 0.122418 0.147922
0 0.545622 0.358753 0.031561 0.035705
0 0.315350 0.594285 0.004945 0.017582
