2 0.333712 0.273061 0.078520 0.055102
0 0.411715 0.302449 0.044426 0.029388
0 0.532940 0.336735 0.019630 0.014694
0 0.589247 0.469592 0.033061 0.044082
0 0.549987 0.487041 0.057857 0.071633
0 0.377449 0.461020 0.016531 0.025714
0 0.371767 0.476633 0.021696 0.045918
0 0.346454 0.487653 0.053724 0.075306
0 0.194235 0.497755 0.053724 0.110204
0 0.121913 0.475714 0.059923 0.036735
0 0.273788 0.509388 0.128112 0.172653
0 0.449082 0.555000 0.179770 0.266326
0 0.630918 0.474184 0.049592 0.053265
0 0.728552 0.473265 0.079554 0.077143
0 0.943106 0.479082 0.112615 0.115714
0 0.962219 0.664898 0.074388 0.282857
0 0.019639 0.482445 0.039278 0.029624
