1 0.223594 0.528107 0.167062 0.193500
0 0.306703 0.495857 0.012656 0.039000
0 0.320625 0.498107 0.016875 0.046500
0 0.358594 0.510107 0.067500 0.088500
0 0.393670 0.490554 0.021937 0.034393
0 0.417716 0.472607 0.017719 0.025500
0 0.405904 0.476357 0.014344 0.024000
0 0.532286 0.492107 0.006750 0.028500
0 0.540723 0.490607 0.006750 0.028500
0 0.556815 0.494866 0.015067 0.034018
0 0.582760 0.510804 0.046949 0.059893
0 0.586708 0.516107 0.034594 0.058500
0 0.616661 0.528857 0.054000 0.105000
0 0.661379 0.541607 0.094500 0.133500
0 0.749612 0.571607 0.177187 0.199500
2 0.496667 0.470036 0.068344 0.106500
0 0.457855 0.631393 0.189844 0.292500
0 0.082687 0.598286 0.162000 0.384000
0 0.588937 0.445875 0.010125 0.012000
0 0.893531 0.668250 0.210094 0.345000
