0 0.475271 0.602132 0.020394 0.034123
0 0.463275 0.608530 0.025193 0.038389
0 0.427286 0.614928 0.034790 0.046919
0 0.394295 0.619194 0.043187 0.059716
0 0.360106 0.628791 0.041988 0.070379
0 0.310920 0.630924 0.070779 0.100237
0 0.232343 0.634123 0.105569 0.123697
0 0.101582 0.657582 0.175148 0.170616
0 0.556247 0.591469 0.011996 0.021327
0 0.568244 0.591469 0.009597 0.021327
0 0.596435 0.592535 0.008398 0.023460
0 0.604233 0.594668 0.009597 0.023460
0 0.609032 0.594668 0.014396 0.027725
0 0.618029 0.597867 0.013196 0.038389
0 0.637439 0.598581 0.028023 0.041226
0 0.916140 0.582938 0.076777 0.106635
0 0.948473 0.649052 0.103054 0.196208
0 0.778781 0.614928 0.265121 0.358294
