1 0.232354 0.347039 0.135213 0.196673
0 0.325227 0.355537 0.047802 0.082554
0 0.476829 0.367678 0.053266 0.063130
0 0.383956 0.367678 0.031413 0.038849
0 0.991598 0.428379 0.014760 0.033993
0 0.959634 0.428379 0.040974 0.033993
0 0.940513 0.412597 0.051900 0.031565
0 0.864029 0.401670 0.043705 0.038849
0 0.902954 0.402884 0.039608 0.031565
0 0.803934 0.396814 0.035510 0.033993
0 0.780033 0.395600 0.036876 0.036421
0 0.749986 0.394386 0.034145 0.033993
0 0.719939 0.387102 0.028681 0.033993
0 0.693989 0.391958 0.031413 0.029137
0 0.666673 0.384674 0.025950 0.024281
0 0.641406 0.387102 0.030047 0.024281
0 0.551947 0.381032 0.020487 0.031565
0 0.588140 0.379818 0.016389 0.024281
0 0.618188 0.378604 0.019121 0.036421
0 0.414003 0.359526 0.015024 0.021853
0 0.755449 0.363168 0.023218 0.024281
0 0.882467 0.377737 0.025950 0.019424
