0 0.404203 0.355039 0.016742 0.017008
0 0.380286 0.351850 0.019134 0.023386
0 0.362945 0.350788 0.015546 0.029764
0 0.355172 0.353976 0.011959 0.023386
0 0.345605 0.352913 0.019134 0.034016
0 0.330657 0.352913 0.027505 0.038268
0 0.319296 0.359291 0.019134 0.034016
0 0.307936 0.358228 0.017938 0.040394
0 0.288802 0.359291 0.032288 0.042520
0 0.244555 0.358228 0.046639 0.065906
0 0.222431 0.365669 0.033484 0.059528
0 0.187751 0.359291 0.047835 0.085039
0 0.148885 0.369921 0.072948 0.093543
0 0.058597 0.367795 0.117195 0.148819
0 0.444264 0.348662 0.015546 0.034016
0 0.486718 0.383740 0.093278 0.146693
4 0.546511 0.368858 0.021526 0.027638
4 0.591356 0.401811 0.060989 0.110551
4 0.583583 0.390118 0.052618 0.104173
