0 0.344210 0.498311 0.014912 0.018353
0 0.325283 0.501370 0.018353 0.024471
0 0.304061 0.499331 0.019501 0.024471
0 0.274237 0.511567 0.040148 0.057100
0 0.403285 0.501079 0.016059 0.020393
0 0.417050 0.509236 0.013765 0.028550
0 0.436550 0.511275 0.020648 0.036707
0 0.464081 0.519432 0.029824 0.048943
0 0.475552 0.524822 0.027530 0.059139
0 0.101580 0.509755 0.107866 0.101509
0 0.024990 0.582941 0.049980 0.191692
0 0.839671 0.610180 0.318892 0.365030
0 0.519141 0.532688 0.052766 0.079532
0 0.195661 0.513752 0.110121 0.132553
