0 0.345479 0.460538 0.011232 0.016639
0 0.350783 0.475513 0.014351 0.022186
0 0.360767 0.471076 0.010608 0.015530
0 0.371686 0.475513 0.011232 0.022186
0 0.378238 0.477732 0.013103 0.022186
0 0.386350 0.481060 0.015599 0.024404
0 0.393837 0.480505 0.019343 0.027732
0 0.405693 0.485497 0.028079 0.031060
0 0.421292 0.483278 0.024335 0.033279
0 0.440635 0.486606 0.031823 0.046590
0 0.455923 0.484942 0.028703 0.049918
0 0.484625 0.491043 0.051166 0.079869
0 0.521752 0.497699 0.065517 0.079869
0 0.267171 0.466084 0.008112 0.009984
0 0.261243 0.468858 0.008736 0.008874
0 0.261867 0.474404 0.009984 0.008874
0 0.256875 0.488270 0.022463 0.021076
0 0.246268 0.474404 0.012479 0.011093
0 0.241588 0.487716 0.016847 0.024404
0 0.182934 0.493262 0.034318 0.033279
0 0.149552 0.484942 0.024959 0.018858
0 0.143624 0.499363 0.045550 0.043262
0 0.104626 0.506019 0.048670 0.054355
0 0.728942 0.520169 0.182824 0.161956
0 0.897386 0.563432 0.202167 0.270665
