0 0.296881 0.704690 0.018984 0.014211
0 0.304374 0.721565 0.013988 0.030197
0 0.294882 0.735775 0.016986 0.037303
0 0.313867 0.754427 0.024979 0.042632
0 0.334350 0.761532 0.029975 0.085263
2 0.242425 0.726006 0.091924 0.110132
0 0.328355 0.702914 0.007993 0.014211
0 0.337347 0.698473 0.009992 0.015987
0 0.347339 0.700249 0.007993 0.015987
0 0.355333 0.694032 0.011990 0.021316
2 0.501212 0.734253 0.047961 0.062171
0 0.513702 0.753792 0.036970 0.023092
0 0.518698 0.786654 0.036970 0.056842
0 0.541180 0.752904 0.013988 0.017763
0 0.563661 0.799088 0.074938 0.099474
0 0.845481 0.860033 0.142882 0.161645
1 0.681616 0.826283 0.196838 0.232697
1 0.803516 0.755230 0.120900 0.079934
1 0.926415 0.795197 0.144881 0.216711
0 0.993181 0.914211 0.012632 0.142105
0 0.110747 0.790757 0.221495 0.328618
0 0.410839 0.833388 0.196838 0.332171
