0 0.602033 0.615776 0.016742 0.027638
0 0.585889 0.613650 0.013155 0.023386
0 0.572137 0.616839 0.014350 0.025512
0 0.555992 0.618965 0.017938 0.029764
0 0.520116 0.623217 0.032288 0.042520
0 0.483045 0.627469 0.063381 0.068032
0 0.309508 0.672793 0.140188 0.147462
0 0.640301 0.613650 0.016742 0.023386
0 0.654054 0.613650 0.025113 0.040394
0 0.672589 0.620028 0.021526 0.044646
0 0.698301 0.623217 0.037072 0.063780
0 0.741352 0.638099 0.070556 0.093543
0 0.790980 0.648729 0.088494 0.127559
0 0.877424 0.661485 0.150679 0.221102
0 0.945545 0.693751 0.107541 0.275626
