0 0.132814 0.474609 0.062005 0.080292
0 0.067747 0.488899 0.114059 0.103427
0 0.010334 0.521560 0.020668 0.078931
0 0.250701 0.443989 0.037509 0.054435
0 0.278259 0.440587 0.020668 0.050353
0 0.361698 0.425617 0.005358 0.014970
0 0.356340 0.427659 0.006889 0.016331
0 0.348302 0.431741 0.012248 0.027218
0 0.408011 0.427659 0.009186 0.019052
0 0.416814 0.427659 0.009951 0.016331
0 0.428297 0.426978 0.011482 0.017692
0 0.440162 0.425617 0.010717 0.014970
0 0.496426 0.450794 0.065067 0.054435
0 0.388874 0.440587 0.041337 0.058518
1 0.314237 0.420514 0.055881 0.087097
0 0.804386 0.532515 0.205154 0.161946
0 0.922273 0.606684 0.153100 0.242238
