0 0.434002 0.437668 0.017564 0.018367
0 0.404041 0.436749 0.019630 0.020204
0 0.376662 0.437668 0.022730 0.022041
0 0.367363 0.440423 0.024796 0.027551
0 0.353932 0.442259 0.026862 0.023878
0 0.333785 0.445014 0.011365 0.018367
0 0.286777 0.447770 0.039260 0.034898
0 0.180361 0.457872 0.047525 0.051429
0 0.153154 0.454592 0.042360 0.060612
0 0.108727 0.463775 0.071288 0.075306
0 0.021044 0.472408 0.042088 0.121224
0 0.244860 0.453306 0.041327 0.044082
0 0.548713 0.437694 0.017564 0.023878
0 0.523400 0.441367 0.016531 0.027551
0 0.502221 0.440449 0.013431 0.022041
