0 0.427953 0.441610 0.010297 0.012203
0 0.419587 0.444661 0.008581 0.010678
0 0.414009 0.447712 0.007722 0.013729
0 0.408432 0.446949 0.010297 0.018305
0 0.401568 0.450000 0.008581 0.018305
0 0.399423 0.452288 0.007722 0.019831
0 0.392129 0.453813 0.017161 0.022881
0 0.387839 0.462966 0.010297 0.019831
0 0.377971 0.464491 0.018019 0.025932
0 0.357721 0.475169 0.026600 0.028983
0 0.330264 0.477458 0.030032 0.045763
0 0.292939 0.478220 0.053199 0.062542
0 0.454681 0.446186 0.007722 0.013729
0 0.458971 0.451525 0.011155 0.018305
0 0.464549 0.453051 0.013729 0.015254
0 0.463691 0.462966 0.008581 0.025932
0 0.470126 0.468305 0.012871 0.033559
0 0.481281 0.466017 0.014587 0.047288
0 0.500158 0.469830 0.024883 0.057966
0 0.529760 0.476695 0.058347 0.074746
0 0.548209 0.483559 0.066070 0.076271
0 0.934846 0.475932 0.127850 0.149491
0 0.446830 0.440847 0.010297 0.016780
