0 0.361010 0.421107 0.023159 0.026003
0 0.341508 0.420024 0.010970 0.019502
0 0.331757 0.417857 0.013408 0.023836
0 0.325662 0.417857 0.013408 0.023836
0 0.311645 0.412439 0.014627 0.034671
0 0.298237 0.416773 0.017065 0.039005
0 0.278125 0.415690 0.025597 0.049839
0 0.257404 0.416773 0.030472 0.034671
0 0.188536 0.430858 0.046318 0.062841
0 0.142827 0.425441 0.057288 0.086677
0 0.073350 0.429775 0.103606 0.112680
0 0.021743 0.451444 0.043487 0.095345
0 0.470711 0.426525 0.013408 0.019502
0 0.482900 0.429775 0.015846 0.026003
0 0.490823 0.436276 0.017065 0.026003
0 0.503012 0.436276 0.017065 0.030337
0 0.510325 0.439526 0.026816 0.036838
0 0.518248 0.451444 0.023159 0.034671
0 0.540798 0.461195 0.048756 0.062841
0 0.552377 0.485032 0.040224 0.067175
0 0.585897 0.509951 0.060945 0.091011
0 0.649889 0.522953 0.115795 0.108347
0 0.690722 0.632383 0.207213 0.227528
