0 0.450000 0.599609 0.010547 0.021094
0 0.459887 0.611328 0.022412 0.039844
0 0.480322 0.605468 0.023730 0.046875
0 0.502734 0.618359 0.026367 0.035156
0 0.535034 0.625390 0.022412 0.049219
0 0.549536 0.626562 0.027686 0.060937
0 0.567334 0.633593 0.034277 0.079687
0 0.590185 0.635937 0.051855 0.084375
0 0.653247 0.624218 0.104150 0.140625
0 0.766406 0.648828 0.197754 0.138281
2 0.424072 0.603125 0.044824 0.028125
0 0.435278 0.614843 0.022412 0.023437
0 0.416162 0.613671 0.015820 0.035156
0 0.403637 0.616015 0.014502 0.030469
0 0.391772 0.616015 0.017139 0.035156
0 0.371997 0.614843 0.032959 0.046875
0 0.338379 0.620703 0.031641 0.058594
0 0.319262 0.627734 0.035596 0.067969
0 0.297510 0.634765 0.036914 0.086719
0 0.236206 0.635937 0.104150 0.121875
0 0.966057 0.661769 0.064600 0.121875
