0 0.587809 0.290276 0.013647 0.019063
0 0.607793 0.298941 0.034118 0.050257
0 0.610717 0.316271 0.016572 0.060655
0 0.637524 0.331001 0.062388 0.107445
0 0.696013 0.374326 0.138423 0.187163
0 0.552229 0.314538 0.057514 0.084917
0 0.503001 0.284211 0.048740 0.083184
0 0.468883 0.291143 0.029244 0.048524
0 0.449874 0.298941 0.032169 0.060655
0 0.429890 0.304140 0.037043 0.064121
0 0.411369 0.316271 0.031194 0.071053
0 0.376276 0.321470 0.054589 0.095315
0 0.331435 0.326669 0.054589 0.123042
0 0.191550 0.414185 0.312913 0.294609
