0 0.429593 0.460191 0.020232 0.025178
0 0.390815 0.461390 0.049231 0.044361
0 0.330344 0.464987 0.022255 0.041963
0 0.359680 0.459592 0.014837 0.031172
0 0.344506 0.464987 0.011465 0.022780
0 0.449488 0.459392 0.012814 0.017984
0 0.467022 0.461190 0.011465 0.026377
0 0.476464 0.461190 0.015511 0.031172
0 0.489615 0.455795 0.017534 0.039565
0 0.512207 0.457593 0.038441 0.057549
0 0.541431 0.468983 0.041138 0.094716
0 0.227273 0.495959 0.205018 0.230195
0 0.603027 0.482371 0.120718 0.162256
0 0.840917 0.601437 0.316968 0.373211
