0 0.391945 0.485256 0.020330 0.025512
0 0.373110 0.469311 0.019134 0.010630
0 0.375502 0.493760 0.016742 0.038268
0 0.318100 0.487382 0.011959 0.025512
0 0.517212 0.484193 0.015546 0.027638
0 0.494491 0.488445 0.027505 0.027638
0 0.601521 0.488445 0.026309 0.044646
0 0.575810 0.494823 0.025113 0.036142
0 0.544119 0.482067 0.035876 0.044646
0 0.806612 0.503327 0.065773 0.040394
0 0.719912 0.503327 0.090886 0.082913
0 0.956992 0.526713 0.083711 0.082913
0 0.259802 0.481004 0.023917 0.017008
0 0.239173 0.487382 0.016742 0.017008
0 0.016742 0.507579 0.033484 0.031890
0 0.296575 0.495886 0.040659 0.055276
0 0.345605 0.496949 0.047835 0.074409
0 0.446058 0.512894 0.069360 0.089291
0 0.131745 0.528662 0.190143 0.221102
