0 0.020760 0.616305 0.037018 0.026680
0 0.138819 0.632312 0.049024 0.033794
0 0.217858 0.644763 0.019009 0.023123
0 0.191345 0.649210 0.022011 0.021344
0 0.266882 0.642095 0.029014 0.039130
0 0.283390 0.638538 0.020010 0.039130
0 0.293145 0.642984 0.018009 0.026680
0 0.320158 0.651878 0.044022 0.048024
0 0.346171 0.640316 0.022011 0.028459
0 0.367682 0.662550 0.051025 0.058696
0 0.408702 0.621640 0.075037 0.058696
0 0.469232 0.642984 0.062031 0.119170
0 0.424710 0.695455 0.091045 0.135178
0 0.507251 0.654546 0.028014 0.042688
0 0.525260 0.667886 0.038019 0.055138
0 0.557776 0.684783 0.085042 0.085376
0 0.615304 0.665218 0.054027 0.049802
3 0.698645 0.695455 0.093046 0.081818
