0 0.224206 0.402921 0.124775 0.116110
0 0.383099 0.402921 0.074085 0.098781
0 0.505925 0.426316 0.101380 0.138639
0 0.128187 0.386457 0.063363 0.058922
0 0.332897 0.389057 0.032169 0.060655
0 0.423067 0.391656 0.038992 0.069320
0 0.451823 0.381258 0.022421 0.024262
0 0.307064 0.376059 0.021446 0.027728
0 0.550766 0.380392 0.021446 0.032927
0 0.471320 0.368261 0.010723 0.019063
0 0.480580 0.345732 0.009748 0.012131
0 0.446949 0.350931 0.010723 0.015597
0 0.425504 0.346598 0.010723 0.013864
0 0.407957 0.347465 0.016572 0.015597
0 0.470345 0.345732 0.008773 0.019063
