0 0.267808 0.586406 0.042187 0.075000
0 0.199913 0.600468 0.122607 0.098437
0 0.407554 0.554765 0.018457 0.039844
1 0.447105 0.516093 0.039551 0.028125
0 0.575645 0.561796 0.027686 0.044531
0 0.602012 0.555937 0.014502 0.037500
0 0.614536 0.566484 0.021094 0.058594
0 0.684409 0.579375 0.029004 0.051562
0 0.823496 0.619218 0.106787 0.145312
0 0.547959 0.575859 0.048779 0.114844
1 0.746372 0.566484 0.100195 0.147656
1 0.344932 0.516093 0.135791 0.234375
1 0.930283 0.523125 0.138428 0.501562
0 0.644859 0.587578 0.073828 0.096094
0 0.474790 0.593437 0.155566 0.267187
