0 0.429643 0.422992 0.027274 0.042108
0 0.488857 0.408318 0.019379 0.040832
0 0.503929 0.429372 0.046653 0.075284
0 0.510748 0.445960 0.040194 0.085492
0 0.538022 0.464461 0.067468 0.119943
0 0.630600 0.478231 0.169508 0.238717
0 0.806779 0.594065 0.383994 0.426182
0 0.288414 0.431711 0.071057 0.096975
0 0.112088 0.449575 0.081105 0.127599
0 0.052703 0.476219 0.104791 0.139083
0 0.950440 0.733149 0.097119 0.344518
0 0.183145 0.464036 0.145702 0.137807
0 0.461152 0.433838 0.045936 0.058696
0 0.020642 0.698092 0.041284 0.284369
0 0.382319 0.445109 0.104791 0.154395
