0 0.279673 0.528984 0.021094 0.016406
0 0.232872 0.519609 0.059326 0.039844
0 0.141246 0.541875 0.018457 0.023437
0 0.199253 0.536015 0.013184 0.025781
0 0.170909 0.533672 0.048779 0.035156
0 0.390415 0.513750 0.007910 0.023437
0 0.383164 0.516093 0.011865 0.028125
0 0.372618 0.514922 0.011865 0.030469
0 0.358775 0.521953 0.026367 0.044531
0 0.458311 0.518437 0.025049 0.042187
0 0.497862 0.500859 0.040869 0.025781
0 0.671226 0.520781 0.079102 0.093750
0 0.317906 0.534843 0.065918 0.084375
0 0.420738 0.524297 0.058008 0.100781
0 0.493247 0.525468 0.052734 0.065625
1 0.576963 0.519609 0.119971 0.138281
0 0.085784 0.714140 0.171568 0.391406
0 0.868822 0.560723 0.258083 0.534178
