2 0.435158 0.453967 0.126244 0.221033
0 0.504497 0.480321 0.010520 0.066310
0 0.515017 0.478621 0.018171 0.059509
0 0.530798 0.476921 0.017215 0.056108
0 0.543709 0.472670 0.020084 0.047607
0 0.557098 0.463319 0.023910 0.039106
0 0.570488 0.461619 0.016259 0.035705
0 0.583399 0.460769 0.015302 0.020403
0 0.596789 0.457368 0.013389 0.020403
0 0.627393 0.454818 0.017215 0.025504
1 0.682386 0.448867 0.100421 0.200630
0 0.742160 0.485422 0.028692 0.093514
0 0.762245 0.493073 0.051645 0.119018
0 0.821063 0.512626 0.125287 0.144521
