0 0.079776 0.377914 0.008398 0.017062
0 0.087574 0.379834 0.009597 0.012370
0 0.097171 0.382820 0.009597 0.014929
0 0.103769 0.383886 0.005998 0.017062
0 0.069579 0.381753 0.011996 0.012796
0 0.116365 0.392417 0.011996 0.017062
0 0.127162 0.391350 0.009597 0.014929
0 0.241128 0.457056 0.028791 0.024276
2 0.059982 0.421208 0.011996 0.014929
0 0.059262 0.434004 0.010557 0.014929
0 0.065740 0.458175 0.011996 0.012085
0 0.070539 0.458530 0.014396 0.017062
0 0.073538 0.460663 0.010797 0.012796
0 0.081936 0.480924 0.010797 0.019194
0 0.087334 0.488388 0.011996 0.017062
0 0.090333 0.499052 0.013196 0.017062
0 0.094532 0.508649 0.014396 0.023460
0 0.098131 0.519312 0.014396 0.023460
0 0.107968 0.532109 0.021594 0.031991
0 0.045586 0.499052 0.014396 0.017062
0 0.050385 0.522512 0.014396 0.021327
0 0.069388 0.561657 0.020271 0.028345
0 0.189844 0.480262 0.025728 0.023563
0 0.445879 0.395713 0.017932 0.015246
0 0.443540 0.449076 0.013254 0.011088
