1 0.728969 0.532931 0.369552 0.370072
0 0.056524 0.500359 0.113049 0.246714
0 0.155149 0.528080 0.238572 0.241170
0 0.264438 0.475410 0.031965 0.091478
0 0.301861 0.474024 0.044440 0.052669
0 0.330318 0.471252 0.021830 0.038809
0 0.336945 0.462936 0.022610 0.038809
0 0.347470 0.461550 0.010915 0.036037
0 0.355656 0.462243 0.011695 0.026335
0 0.397367 0.459471 0.006237 0.015246
0 0.390351 0.458085 0.007796 0.018018
0 0.385283 0.454620 0.010135 0.022177
0 0.372809 0.465708 0.024169 0.033265
1 0.449604 0.439374 0.107591 0.213450
1 0.539653 0.497125 0.105252 0.213450
