0 0.480244 0.564350 0.010926 0.014568
0 0.470683 0.555852 0.010926 0.012140
0 0.506193 0.566778 0.008195 0.019424
0 0.498682 0.566778 0.009560 0.019424
0 0.461806 0.558280 0.012292 0.016996
0 0.488438 0.570421 0.013658 0.016996
0 0.396248 0.558280 0.017755 0.021853
0 0.670087 0.543712 0.013658 0.046133
0 0.019975 0.576491 0.038242 0.063130
0 0.034998 0.593487 0.065558 0.097122
1 0.207087 0.491509 0.305935 0.393346
2 0.457708 0.502435 0.053266 0.021853
0 0.377127 0.504863 0.015024 0.012140
0 0.495267 0.508505 0.016389 0.009712
