0 0.307409 0.481990 0.014396 0.027725
0 0.296012 0.483057 0.010797 0.034123
0 0.285215 0.486256 0.027592 0.040521
0 0.266021 0.488388 0.032390 0.044787
0 0.250426 0.497985 0.044387 0.085308
0 0.211437 0.502251 0.076777 0.102370
0 0.156254 0.522512 0.079176 0.147156
0 0.077152 0.531804 0.154304 0.258057
0 0.008173 0.662965 0.016345 0.102370
0 0.352995 0.478791 0.009597 0.019194
0 0.353851 0.484123 0.004111 0.021327
0 0.363192 0.486256 0.013196 0.023460
0 0.373989 0.493720 0.017995 0.038389
0 0.385985 0.486256 0.017995 0.053317
0 0.405180 0.493720 0.027592 0.085308
1 0.452478 0.507583 0.077977 0.127962
0 0.543688 0.494868 0.058857 0.059879
0 0.676812 0.568365 0.286715 0.356161
0 0.880751 0.644075 0.236330 0.554502
