0 0.453078 0.582938 0.014396 0.025592
0 0.431484 0.581872 0.014396 0.027725
1 0.409891 0.557346 0.019194 0.034123
0 0.385898 0.564810 0.009597 0.027725
0 0.375101 0.568009 0.016795 0.025592
0 0.363704 0.572274 0.020394 0.034123
0 0.349309 0.591469 0.020394 0.025592
0 0.328915 0.594668 0.015595 0.027725
0 0.315119 0.592535 0.014396 0.023460
0 0.308521 0.594668 0.015595 0.031991
0 0.294125 0.600000 0.032390 0.038389
0 0.277930 0.607464 0.033590 0.036256
0 0.235942 0.617061 0.069579 0.063981
0 0.175960 0.627725 0.055184 0.076777
0 0.115378 0.637322 0.101970 0.113033
0 0.038195 0.635189 0.076390 0.168483
0 0.500464 0.585071 0.051585 0.072512
1 0.555647 0.602132 0.097171 0.136493
0 0.685809 0.650118 0.177547 0.189810
