0 0.143297 0.692330 0.286594 0.434981
0 0.291955 0.693197 0.114053 0.187163
0 0.382125 0.646406 0.089682 0.100514
0 0.404058 0.627343 0.077010 0.097048
0 0.452798 0.630809 0.026320 0.069320
1 0.507875 0.598749 0.089682 0.181964
0 0.929479 0.841367 0.137448 0.310206
0 0.840772 0.742587 0.273921 0.265148
0 0.705761 0.679333 0.136473 0.187163
0 0.637524 0.668935 0.042892 0.128241
0 0.610717 0.652471 0.038018 0.088383
0 0.593171 0.644673 0.026320 0.076252
0 0.573187 0.640340 0.015597 0.043325
0 0.568313 0.623877 0.021446 0.048524
