0 0.451918 0.620788 0.013155 0.025512
0 0.428468 0.625040 0.038529 0.034016
0 0.418434 0.640984 0.029897 0.036142
0 0.375980 0.635669 0.031093 0.029764
0 0.342257 0.640984 0.040659 0.057402
0 0.519963 0.689882 0.172205 0.261496
0 0.614436 0.656929 0.059793 0.110551
0 0.661673 0.665433 0.099257 0.144567
0 0.787837 0.618662 0.033484 0.021260
0 0.849424 0.636732 0.101649 0.065906
0 0.746579 0.704126 0.199710 0.199843
0 0.934330 0.657355 0.127958 0.140315
0 0.928790 0.817795 0.138721 0.352913
0 0.201721 0.685370 0.264286 0.323150
0 0.047454 0.771473 0.092082 0.440079
