0 0.201890 0.530156 0.026367 0.028125
0 0.174205 0.532500 0.039551 0.042187
0 0.064122 0.534843 0.048779 0.046875
0 0.333726 0.528984 0.018457 0.021094
0 0.279673 0.531328 0.021094 0.030469
0 0.411509 0.527812 0.010547 0.023437
0 0.422056 0.530156 0.013184 0.023437
0 0.456992 0.527812 0.014502 0.018750
0 0.506431 0.534843 0.021094 0.032812
0 0.721983 0.561796 0.114697 0.119531
0 0.137950 0.532500 0.046143 0.042187
0 0.393052 0.532500 0.036914 0.051562
0 0.438535 0.532500 0.025049 0.037500
0 0.480723 0.528984 0.035596 0.058594
0 0.524888 0.539531 0.031641 0.042187
0 0.598716 0.540703 0.071191 0.077344
0 0.026458 0.534843 0.052916 0.065625
0 0.867002 0.577031 0.225439 0.168750
