0 0.400142 0.556982 0.017578 0.046875
0 0.380367 0.561670 0.043066 0.056250
0 0.374654 0.574170 0.031641 0.056250
0 0.344771 0.578076 0.059766 0.079687
0 0.311812 0.598389 0.069434 0.107812
0 0.252486 0.620264 0.119531 0.154687
0 0.175142 0.676514 0.198633 0.245312
0 0.442329 0.570264 0.058008 0.101562
0 0.502095 0.535107 0.012305 0.025000
0 0.519234 0.535107 0.025488 0.025000
0 0.520552 0.548389 0.014062 0.032812
0 0.526265 0.554639 0.018457 0.054687
0 0.537691 0.562451 0.027246 0.079687
0 0.546040 0.561670 0.026367 0.075000
0 0.573287 0.579639 0.072070 0.123437
0 0.629537 0.599951 0.131836 0.154687
0 0.474849 0.631982 0.128320 0.181250
0 0.832464 0.738212 0.332425 0.456208
0 0.061763 0.681201 0.123047 0.489062
