0 0.431857 0.380471 0.008057 0.016114
0 0.405671 0.382261 0.006043 0.016114
0 0.399629 0.386737 0.014100 0.021485
0 0.394593 0.393899 0.008057 0.025066
0 0.383011 0.393899 0.013093 0.042971
0 0.364379 0.402852 0.038271 0.064456
0 0.339201 0.415385 0.048342 0.068037
0 0.424807 0.402852 0.026185 0.032228
0 0.454014 0.387633 0.018128 0.023276
0 0.461567 0.394795 0.017121 0.019695
0 0.488760 0.435975 0.049349 0.094894
0 0.623715 0.428813 0.238690 0.180836
0 0.985778 0.441346 0.026185 0.073409
0 0.014402 0.431499 0.027192 0.060875
