0 0.111615 0.515565 0.223231 0.237420
0 0.248089 0.467908 0.065312 0.069320
0 0.272946 0.454044 0.042892 0.069320
0 0.330947 0.450578 0.036068 0.041592
0 0.360679 0.445379 0.023395 0.034660
0 0.381637 0.436714 0.020471 0.031194
0 0.397722 0.434981 0.011698 0.024262
0 0.408932 0.436714 0.012673 0.020796
0 0.422579 0.432381 0.018521 0.022529
0 0.480580 0.429782 0.013647 0.020796
0 0.499102 0.429782 0.013647 0.013864
0 0.580011 0.444512 0.031194 0.036393
0 0.635575 0.455777 0.050690 0.062388
0 0.969934 0.440180 0.058488 0.093582
0 0.548817 0.435847 0.021446 0.029461
0 0.542481 0.428915 0.024370 0.036393
0 0.528346 0.436714 0.007798 0.024262
0 0.520547 0.432381 0.009748 0.019063
0 0.513724 0.429782 0.007798 0.024262
