4 0.427310 0.503797 0.012342 0.045570
4 0.403944 0.505491 0.016876 0.045581
4 0.367025 0.518143 0.017089 0.077637
4 0.194620 0.541772 0.051266 0.081013
0 0.438512 0.484388 0.014241 0.037131
0 0.466044 0.485232 0.012342 0.032067
0 0.537247 0.483544 0.021835 0.052321
0 0.551962 0.475105 0.011392 0.028692
0 0.567152 0.484388 0.026582 0.064135
0 0.597626 0.482700 0.052215 0.084388
0 0.637025 0.505485 0.104430 0.129958
0 0.503259 0.504641 0.071203 0.111392
0 0.770905 0.470622 0.059810 0.094515
0 0.850879 0.618734 0.295709 0.506329
