0 0.577044 0.401844 0.015024 0.016996
0 0.584555 0.405486 0.013658 0.029137
0 0.600945 0.407914 0.021853 0.033993
0 0.612554 0.418840 0.023218 0.046133
0 0.505340 0.403058 0.010926 0.019424
0 0.494414 0.401844 0.019121 0.026709
0 0.486902 0.407914 0.017755 0.029137
0 0.475976 0.411556 0.015024 0.031565
0 0.461635 0.411556 0.024584 0.041277
0 0.333934 0.443121 0.072387 0.094694
0 0.152968 0.415198 0.114726 0.077698
0 0.739435 0.446763 0.125652 0.140827
0 0.633587 0.424910 0.050534 0.058273
0 0.423393 0.416412 0.068289 0.075270
0 0.228769 0.460117 0.165260 0.148112
0 0.882160 0.511107 0.233549 0.225810
0 0.067777 0.515659 0.135554 0.236129
0 0.521729 0.403058 0.021853 0.033993
