0 0.487693 0.556996 0.012758 0.008247
0 0.470876 0.561119 0.013918 0.016495
0 0.478415 0.578645 0.028995 0.043299
0 0.451160 0.561119 0.027835 0.024742
0 0.430863 0.562150 0.012758 0.026804
0 0.404188 0.556996 0.019716 0.020619
0 0.347358 0.570398 0.031314 0.018557
0 0.311985 0.566274 0.044072 0.026804
0 0.393170 0.574521 0.044072 0.018557
0 0.435503 0.615759 0.089304 0.063918
0 0.598454 0.567305 0.023196 0.012371
0 0.604253 0.608542 0.037113 0.061856
0 0.639046 0.580707 0.057990 0.030928
0 0.687178 0.599264 0.054510 0.043299
0 0.827016 0.591016 0.012758 0.022680
0 0.811359 0.591016 0.013918 0.018557
0 0.788743 0.599264 0.031314 0.035052
0 0.771926 0.589985 0.016237 0.020619
0 0.741191 0.598233 0.028995 0.016495
0 0.735972 0.597202 0.060309 0.026804
0 0.767287 0.647717 0.044072 0.078351
0 0.646088 0.632253 0.077706 0.080412
0 0.807879 0.632253 0.039433 0.068041
0 0.718768 0.682887 0.102062 0.140206
0 0.532621 0.647835 0.124098 0.197938
1 0.159167 0.603505 0.237758 0.208247
0 0.882046 0.749162 0.231959 0.455670
