0 0.663052 0.647959 0.201252 0.251695
1 0.150750 0.500270 0.301500 0.992220
0 0.337157 0.598630 0.068973 0.086474
0 0.375215 0.583475 0.028082 0.047843
0 0.349266 0.554353 0.015211 0.018721
0 0.363892 0.553313 0.011701 0.016641
0 0.380273 0.557473 0.011701 0.016641
0 0.372667 0.547073 0.010531 0.012481
0 0.386708 0.539792 0.010531 0.018721
0 0.396654 0.552273 0.014041 0.018721
0 0.410695 0.547073 0.011701 0.016641
0 0.421810 0.547073 0.010531 0.016641
0 0.397824 0.535632 0.009361 0.014561
0 0.408940 0.534592 0.010531 0.016641
0 0.417130 0.581395 0.033932 0.052003
0 0.492015 0.584515 0.045633 0.062404
0 0.566314 0.574114 0.042123 0.054083
0 0.441701 0.559554 0.015211 0.020801
0 0.530773 0.586149 0.074884 0.115596
0 0.305596 0.556433 0.022231 0.031202
