0 0.414100 0.516616 0.016059 0.032628
0 0.433218 0.506873 0.013000 0.009517
0 0.390776 0.525227 0.029060 0.024471
0 0.362099 0.544940 0.022177 0.042145
0 0.352922 0.549018 0.022177 0.042145
0 0.452719 0.508459 0.007647 0.013595
0 0.456543 0.522734 0.012236 0.017674
0 0.459219 0.527492 0.013000 0.019033
0 0.461896 0.539048 0.013765 0.020393
0 0.471837 0.532251 0.007647 0.009517
0 0.473367 0.543807 0.013765 0.035347
0 0.481396 0.545166 0.013000 0.038066
0 0.493377 0.543127 0.017589 0.053021
0 0.503701 0.537009 0.030589 0.062538
0 0.536202 0.537009 0.058884 0.103323
0 0.568703 0.565332 0.067296 0.096526
0 0.055825 0.575075 0.111650 0.296375
0 0.240889 0.567145 0.088708 0.091088
0 0.322843 0.546073 0.046648 0.067976
0 0.660343 0.570544 0.147593 0.195770
2 0.421238 0.530438 0.020648 0.036707
0 0.390394 0.541767 0.032119 0.053021
