0 0.457877 0.521445 0.014396 0.036256
0 0.355907 0.512914 0.011996 0.014929
0 0.342711 0.511848 0.014396 0.017062
0 0.325916 0.508649 0.019194 0.027725
0 0.295325 0.518246 0.029991 0.034123
0 0.254537 0.517180 0.010797 0.031990
0 0.230544 0.526777 0.051585 0.055450
0 0.119577 0.518246 0.071979 0.081043
0 0.144170 0.532109 0.094772 0.087441
0 0.436883 0.516113 0.032390 0.051185
0 0.392496 0.541706 0.068380 0.102370
2 0.529255 0.501185 0.111567 0.174881
0 0.601234 0.579028 0.142758 0.151422
0 0.657617 0.522512 0.037189 0.021327
0 0.681010 0.550237 0.057583 0.059716
0 0.717599 0.518246 0.029991 0.012796
0 0.731395 0.544905 0.035989 0.040521
0 0.756588 0.526777 0.023993 0.021327
0 0.774582 0.518246 0.021594 0.021327
0 0.760787 0.550237 0.037189 0.034123
0 0.813571 0.521445 0.015595 0.019194
0 0.830366 0.526777 0.017995 0.021327
0 0.867555 0.524644 0.025193 0.017062
0 0.841163 0.548104 0.034790 0.038389
0 0.806973 0.543839 0.016795 0.021327
0 0.866955 0.557701 0.026392 0.044787
0 0.938934 0.532109 0.028791 0.014929
0 0.972524 0.543839 0.019194 0.029858
0 0.929936 0.568365 0.008398 0.049052
0 0.953329 0.574763 0.031191 0.057583
0 0.975214 0.586492 0.048567 0.055450
0 0.800375 0.583293 0.118765 0.061848
0 0.981212 0.737914 0.036570 0.204739
