0 0.935938 0.562834 0.124417 0.398136
0 0.034429 0.627712 0.067786 0.144915
0 0.174721 0.594152 0.149301 0.178475
0 0.369927 0.575629 0.009439 0.010678
0 0.083767 0.617579 0.061780 0.112881
0 0.265674 0.586307 0.032606 0.041186
0 0.293990 0.577155 0.027458 0.035085
0 0.311151 0.574867 0.015445 0.030508
0 0.780688 0.637409 0.211939 0.222712
0 0.660132 0.604612 0.132140 0.151017
0 0.590201 0.595460 0.079799 0.108305
0 0.549873 0.587070 0.052341 0.085424
0 0.512976 0.582494 0.047193 0.070169
0 0.489809 0.582494 0.019735 0.057966
0 0.472219 0.577155 0.027458 0.053390
0 0.463638 0.569528 0.027458 0.050339
0 0.450768 0.571053 0.015445 0.041186
0 0.441758 0.574104 0.011155 0.028983
0 0.434465 0.568765 0.008581 0.027458
0 0.425455 0.571816 0.011155 0.021356
0 0.418591 0.574104 0.006006 0.019831
0 0.388559 0.569528 0.007722 0.013729
0 0.383840 0.571053 0.008581 0.010678
0 0.332357 0.574104 0.018877 0.019831
0 0.352521 0.567240 0.018019 0.030508
