0 0.427168 0.324333 0.005458 0.011088
0 0.434516 0.328144 0.013917 0.024256
0 0.455898 0.330570 0.014813 0.019405
0 0.481236 0.331263 0.021830 0.023563
0 0.462525 0.347895 0.029627 0.040195
0 0.440305 0.336807 0.019491 0.031879
0 0.493711 0.356211 0.043660 0.056827
0 0.519049 0.344430 0.014813 0.027721
0 0.375984 0.329184 0.007796 0.024949
0 0.366628 0.327798 0.017152 0.030493
0 0.361171 0.334728 0.009356 0.027721
0 0.386899 0.330570 0.015593 0.030493
0 0.344798 0.331263 0.029627 0.048511
0 0.408729 0.349974 0.046779 0.069302
0 0.562319 0.363142 0.046779 0.059600
0 0.607149 0.368686 0.042101 0.051283
0 0.645741 0.373537 0.053796 0.060986
0 0.696808 0.374923 0.062372 0.088706
0 0.759570 0.387397 0.100574 0.110883
0 0.851568 0.414425 0.144234 0.112269
0 0.315172 0.347895 0.021050 0.054055
0 0.306206 0.345816 0.023389 0.066530
0 0.292952 0.347895 0.032745 0.073460
0 0.289054 0.358290 0.018711 0.060986
0 0.237207 0.345123 0.094337 0.128901
0 0.100282 0.384724 0.154370 0.160780
0 0.042344 0.405713 0.084689 0.199589
0 0.960621 0.422345 0.077185 0.158008
