4 0.013035 0.651453 0.025228 0.087458
0 0.291178 0.568480 0.016398 0.038123
0 0.346049 0.560631 0.025228 0.049336
0 0.265319 0.576328 0.042888 0.071761
0 0.322713 0.567732 0.056764 0.050083
0 0.222430 0.579319 0.068117 0.089701
0 0.161251 0.591652 0.081992 0.096429
0 0.079259 0.598380 0.112266 0.118854
0 0.021865 0.606229 0.040365 0.071761
0 0.400290 0.572591 0.020183 0.031395
0 0.484806 0.560257 0.037843 0.069518
0 0.598964 0.553530 0.039104 0.047093
0 0.629238 0.565863 0.023967 0.035880
0 0.666450 0.578571 0.083254 0.094186
0 0.525171 0.569601 0.047934 0.067276
0 0.460839 0.577450 0.055502 0.078488
