0 0.400159 0.527696 0.012673 0.022529
0 0.504950 0.537227 0.023395 0.027728
2 0.423554 0.514699 0.036068 0.086650
0 0.472782 0.543293 0.033143 0.043325
2 0.473757 0.507767 0.040942 0.062388
0 0.529321 0.533761 0.017547 0.041592
0 0.533220 0.534628 0.017547 0.036393
0 0.549792 0.538094 0.027295 0.039859
0 0.554178 0.542426 0.016572 0.031194
0 0.580498 0.542426 0.041917 0.058922
0 0.602919 0.546759 0.038018 0.060655
0 0.635087 0.550225 0.061413 0.067587
0 0.685290 0.563222 0.072136 0.072786
0 0.744753 0.570154 0.085783 0.086650
0 0.850032 0.583152 0.253450 0.171566
0 0.371402 0.532028 0.017547 0.027728
0 0.355317 0.535494 0.016572 0.038126
0 0.333384 0.532895 0.037043 0.057189
0 0.288056 0.542426 0.063363 0.090116
0 0.188625 0.576220 0.117952 0.119576
