0 0.416167 0.464908 0.009361 0.031202
0 0.426698 0.463868 0.016381 0.029122
0 0.408562 0.473228 0.022231 0.076965
0 0.457705 0.433706 0.047973 0.147689
0 0.314956 0.465948 0.019891 0.012481
0 0.310276 0.486749 0.022231 0.041602
0 0.293895 0.486749 0.012871 0.033282
2 0.234806 0.480509 0.065524 0.079045
0 0.154656 0.510671 0.029252 0.060324
0 0.103758 0.513791 0.077225 0.087365
0 0.044274 0.540832 0.088547 0.079045
0 0.190929 0.504430 0.054993 0.068644
0 0.363514 0.487789 0.095946 0.164330
1 0.554820 0.387943 0.157959 0.314099
0 0.777719 0.543953 0.381443 0.326580
