0 0.459558 0.385364 0.013876 0.031395
0 0.472803 0.389849 0.012614 0.022425
0 0.492355 0.390970 0.018921 0.038123
0 0.505600 0.398819 0.020183 0.053821
0 0.524521 0.399940 0.025228 0.069518
0 0.560472 0.403304 0.056764 0.094186
0 0.425500 0.382000 0.016398 0.024668
0 0.412255 0.389849 0.017660 0.022425
0 0.399641 0.390970 0.012614 0.029153
0 0.388288 0.395455 0.017660 0.029153
0 0.375674 0.394334 0.012614 0.031395
0 0.361798 0.395455 0.015137 0.033638
0 0.337200 0.395455 0.044150 0.069518
0 0.302511 0.401061 0.032797 0.067276
0 0.269714 0.414516 0.052980 0.089701
0 0.202859 0.408910 0.080731 0.123339
0 0.095008 0.435820 0.177860 0.159219
0 0.599576 0.435820 0.099652 0.114369
0 0.443790 0.386485 0.015137 0.020183
