0 0.390880 0.518725 0.013776 0.019898
0 0.408961 0.521786 0.006888 0.013776
0 0.415848 0.524082 0.013776 0.015306
0 0.381410 0.521021 0.017219 0.018367
0 0.370217 0.521786 0.012054 0.022959
0 0.362038 0.524082 0.012915 0.027551
0 0.349984 0.522551 0.018080 0.030612
0 0.334056 0.525612 0.027551 0.039796
0 0.312532 0.524847 0.029273 0.050510
0 0.310810 0.529439 0.022385 0.044388
0 0.301339 0.530204 0.024107 0.048980
0 0.287564 0.530204 0.027551 0.055102
0 0.269914 0.531735 0.033578 0.064286
0 0.239350 0.532500 0.051658 0.075000
0 0.187261 0.534031 0.074904 0.093367
0 0.401212 0.521021 0.013776 0.018367
4 0.421875 0.534949 0.010332 0.021429
0 0.075765 0.505102 0.022385 0.029082
3 0.086097 0.538010 0.060268 0.076531
4 0.568240 0.574745 0.077487 0.097959
