0 0.070556 0.428917 0.028701 0.027638
0 0.040659 0.432106 0.043051 0.042520
0 0.008371 0.438484 0.016742 0.034016
0 0.178184 0.411910 0.035876 0.027638
0 0.261895 0.395965 0.023917 0.017008
0 0.240369 0.404469 0.026309 0.021260
0 0.322286 0.386398 0.020330 0.019134
0 0.303152 0.387461 0.020330 0.017008
0 0.413172 0.369390 0.010763 0.014882
0 0.402409 0.359823 0.010763 0.012756
0 0.394038 0.365138 0.015546 0.014882
0 0.383275 0.370453 0.015546 0.008504
0 0.364739 0.375768 0.014350 0.014882
1 0.354574 0.361949 0.029897 0.038268
0 0.462202 0.363012 0.013155 0.010630
0 0.450842 0.369390 0.011959 0.014882
0 0.432306 0.358760 0.017938 0.010630
0 0.490903 0.366201 0.013155 0.012756
0 0.445460 0.405532 0.027505 0.036142
0 0.431708 0.371516 0.011959 0.014882
0 0.403605 0.378957 0.017938 0.017008
0 0.518408 0.378957 0.015546 0.017008
0 0.536944 0.367264 0.009567 0.019134
0 0.520202 0.365138 0.011959 0.014882
0 0.508243 0.359823 0.014350 0.017008
0 0.561459 0.351319 0.008371 0.017008
0 0.570428 0.363012 0.007175 0.019134
0 0.528573 0.420414 0.043051 0.057402
0 0.407193 0.426791 0.053814 0.074409
