0 0.031202 0.557514 0.061002 0.110319
0 0.086946 0.556268 0.122005 0.110319
0 0.087998 0.513574 0.069417 0.026177
0 0.148474 0.541932 0.028398 0.050485
0 0.162147 0.521365 0.026294 0.024307
0 0.190019 0.542867 0.075727 0.078532
0 0.259436 0.531960 0.039967 0.046745
0 0.282399 0.525790 0.011569 0.026177
0 0.289762 0.522237 0.009466 0.024307
0 0.302909 0.518497 0.023139 0.028047
0 0.326048 0.513823 0.021035 0.014958
0 0.340246 0.512888 0.011569 0.020568
0 0.352342 0.512888 0.014725 0.020568
0 0.375481 0.513823 0.014725 0.033657
4 0.383369 0.535326 0.011569 0.031787
0 0.395990 0.512888 0.015776 0.031787
0 0.437009 0.548414 0.093607 0.125277
4 0.558410 0.554010 0.020059 0.104434
