2 0.340977 0.418828 0.027686 0.021094
0 0.359912 0.452678 0.007910 0.028125
0 0.353320 0.449163 0.013184 0.035156
0 0.345410 0.449163 0.015820 0.039844
0 0.317724 0.464397 0.050098 0.070312
0 0.372436 0.438616 0.014502 0.018750
0 0.378369 0.451506 0.013184 0.025781
0 0.394189 0.451506 0.029004 0.044531
0 0.280810 0.450669 0.044824 0.032812
0 0.092285 0.479966 0.073828 0.105469
0 0.154248 0.492857 0.097559 0.107812
0 0.232690 0.502232 0.127881 0.121875
0 0.317246 0.424791 0.017139 0.009168
0 0.407554 0.465703 0.039551 0.053906
0 0.046233 0.521953 0.092466 0.246094
1 0.011701 0.382071 0.023401 0.048814
