0 0.342270 0.409409 0.018353 0.019033
0 0.359859 0.408049 0.018353 0.029909
0 0.366359 0.409409 0.017589 0.024471
0 0.378977 0.410088 0.012236 0.028550
0 0.389684 0.416206 0.018353 0.024471
0 0.403831 0.416886 0.013000 0.023112
0 0.419890 0.413487 0.019118 0.032628
0 0.443979 0.413487 0.045884 0.043505
0 0.471509 0.418246 0.035177 0.042145
0 0.494451 0.425043 0.033648 0.036707
0 0.517393 0.425723 0.030589 0.046224
0 0.549129 0.421644 0.054296 0.065257
0 0.585290 0.435919 0.049707 0.061178
0 0.628497 0.444756 0.062708 0.076133
0 0.681209 0.450194 0.100179 0.089728
0 0.759703 0.469907 0.107062 0.112840
0 0.258915 0.395134 0.024471 0.020393
0 0.243238 0.395814 0.011471 0.013595
0 0.191619 0.388822 0.018353 0.016314
0 0.215326 0.391541 0.015295 0.016314
0 0.279945 0.400572 0.022177 0.014955
0 0.231002 0.394454 0.014530 0.021752
0 0.899703 0.459225 0.199594 0.232477
