0 0.558983 0.388953 0.011462 0.022925
0 0.571162 0.390227 0.015761 0.020377
0 0.579758 0.392774 0.015761 0.025472
0 0.639219 0.391500 0.022925 0.043302
0 0.687933 0.399142 0.017193 0.033113
0 0.710858 0.418246 0.057311 0.091698
0 0.665009 0.402963 0.051580 0.066226
0 0.553252 0.400415 0.022925 0.040755
0 0.505970 0.405510 0.020059 0.040755
2 0.520298 0.372397 0.031521 0.020377
0 0.458688 0.408057 0.017193 0.020377
0 0.411406 0.414425 0.037252 0.048396
0 0.389198 0.416972 0.018626 0.033113
0 0.364124 0.424614 0.034387 0.053491
1 0.311828 0.410604 0.070206 0.096793
0 0.309678 0.441170 0.040118 0.066226
0 0.273859 0.444991 0.063043 0.078962
0 0.530327 0.418246 0.048715 0.076415
0 0.610563 0.414425 0.057311 0.078962
0 0.918612 0.460274 0.160472 0.252170
0 0.763871 0.423340 0.106026 0.122264
0 0.162102 0.571076 0.323809 0.402453
