0 0.292198 0.395390 0.035596 0.096094
0 0.265831 0.411797 0.064600 0.100781
0 0.225621 0.436406 0.100195 0.145312
0 0.467539 0.380156 0.011865 0.018750
0 0.447105 0.393047 0.036914 0.058594
0 0.419419 0.384843 0.023730 0.028125
0 0.382505 0.370781 0.021094 0.023437
0 0.367344 0.368437 0.019775 0.037500
0 0.805698 0.471562 0.089648 0.112500
4 0.368003 0.438750 0.216211 0.210937
0 0.485337 0.381328 0.026367 0.039844
1 0.548618 0.363750 0.100195 0.192187
0 0.692319 0.465703 0.150293 0.166406
0 0.371958 0.543046 0.213574 0.344531
0 0.106968 0.482109 0.213574 0.307031
0 0.904575 0.507890 0.189844 0.199219
