0 0.497046 0.348083 0.008004 0.012451
0 0.516555 0.341858 0.009004 0.017787
0 0.484039 0.342747 0.008004 0.019565
0 0.473034 0.347194 0.014007 0.021344
0 0.447021 0.343636 0.020010 0.017787
0 0.427511 0.342747 0.015007 0.023123
0 0.418007 0.335632 0.010005 0.030237
0 0.395996 0.337411 0.038019 0.044466
1 0.367482 0.330297 0.041020 0.055138
0 0.328462 0.364980 0.089044 0.096047
0 0.271434 0.347194 0.041020 0.053360
0 0.119959 0.411225 0.239919 0.224111
0 0.575084 0.341858 0.012006 0.028459
0 0.588091 0.342747 0.018009 0.030237
0 0.697981 0.343166 0.017681 0.052418
0 0.717803 0.343930 0.041318 0.093077
0 0.764678 0.359644 0.099049 0.113834
0 0.942766 0.376542 0.113056 0.193874
0 0.638115 0.359644 0.106052 0.170751
0 0.551566 0.337085 0.039230 0.064760
