0 0.104395 0.597016 0.208428 0.417651
0 0.227130 0.562356 0.146221 0.185430
0 0.313888 0.536361 0.093582 0.123042
0 0.341670 0.499102 0.090657 0.103980
0 0.383587 0.489570 0.038018 0.095315
0 0.405520 0.486971 0.035093 0.062388
0 0.425991 0.485238 0.017547 0.048524
0 0.440126 0.472240 0.020471 0.022529
0 0.818511 0.558023 0.361973 0.429782
0 0.623390 0.526829 0.125750 0.201027
0 0.576599 0.493036 0.069211 0.147304
0 0.535657 0.505167 0.014622 0.060655
0 0.522984 0.505167 0.016572 0.050257
0 0.508850 0.482638 0.015597 0.025995
1 0.471320 0.473107 0.034118 0.062388
