0 0.406714 0.349804 0.014502 0.018750
0 0.394848 0.355664 0.011865 0.035156
0 0.378369 0.358008 0.021094 0.039844
0 0.365844 0.349804 0.011865 0.018750
0 0.348706 0.346289 0.009229 0.030469
0 0.328930 0.339258 0.032959 0.058594
0 0.319043 0.343945 0.026367 0.039844
0 0.303222 0.350976 0.026367 0.039844
1 0.257080 0.331054 0.065918 0.112500
0 0.067895 0.336914 0.135791 0.180469
0 0.424511 0.357656 0.023730 0.042187
0 0.440991 0.355312 0.017139 0.037500
1 0.471972 0.343594 0.047461 0.098437
0 0.510864 0.374062 0.090967 0.131250
0 0.623765 0.457031 0.218848 0.285937
