0 0.420088 0.694905 0.063581 0.095972
0 0.385298 0.684241 0.015595 0.023460
0 0.351108 0.681042 0.031191 0.046919
0 0.335513 0.691706 0.021594 0.038389
0 0.321117 0.690639 0.023993 0.040521
0 0.304322 0.691706 0.019194 0.042654
0 0.280329 0.693838 0.043187 0.068246
0 0.253337 0.702369 0.044387 0.063981
0 0.214349 0.711966 0.050385 0.083175
0 0.142970 0.705568 0.101970 0.130095
0 0.062188 0.737559 0.124376 0.142891
0 0.457277 0.675710 0.015595 0.023460
0 0.468073 0.682109 0.010797 0.019194
0 0.474072 0.682109 0.013196 0.031991
0 0.481869 0.683175 0.014396 0.042654
0 0.489667 0.687440 0.022793 0.055450
0 0.497465 0.694905 0.026392 0.044787
0 0.528056 0.702369 0.056383 0.072512
