0 0.363961 0.418713 0.013480 0.011982
0 0.356846 0.424704 0.015727 0.013314
0 0.350855 0.435355 0.018722 0.018639
0 0.337375 0.445340 0.015727 0.033284
0 0.319776 0.448669 0.028458 0.045266
0 0.293939 0.467308 0.042687 0.074556
0 0.398784 0.424038 0.012731 0.019970
0 0.401405 0.441346 0.019471 0.022633
0 0.410018 0.452663 0.021718 0.023964
0 0.421625 0.461317 0.025462 0.038609
0 0.434356 0.470636 0.040440 0.054586
0 0.460942 0.494601 0.054669 0.059911
0 0.364710 0.481953 0.059911 0.090533
0 0.239270 0.483284 0.105594 0.141124
0 0.565038 0.582470 0.156518 0.161095
0 0.078306 0.536164 0.152118 0.369370
0 0.335128 0.407396 0.023216 0.021302
1 0.234403 0.411390 0.026960 0.029290
0 0.256869 0.408062 0.013480 0.017308
0 0.306296 0.421376 0.016476 0.017308
0 0.379313 0.430695 0.012731 0.022633
