0 0.394600 0.561480 0.009177 0.009517
0 0.378158 0.562840 0.008412 0.009517
0 0.335716 0.568278 0.026001 0.014955
0 0.333039 0.602266 0.023707 0.058459
0 0.245287 0.602266 0.017589 0.036707
0 0.227698 0.609063 0.029824 0.044864
0 0.187550 0.592069 0.049707 0.019033
0 0.129813 0.594109 0.059649 0.036707
0 0.445913 0.592205 0.042060 0.054381
0 0.555651 0.606480 0.068826 0.085650
0 0.058502 0.671601 0.116239 0.168580
0 0.385805 0.567938 0.013000 0.017674
0 0.150324 0.721806 0.209535 0.248792
0 0.287592 0.625960 0.097120 0.119637
4 0.576860 0.664350 0.104003 0.130514
