0 0.422080 0.616072 0.009471 0.019898
0 0.411748 0.614541 0.011193 0.016837
0 0.401847 0.614541 0.010332 0.022959
0 0.395390 0.612245 0.011193 0.030612
0 0.383767 0.610715 0.017219 0.030612
0 0.300683 0.605357 0.043909 0.068878
0 0.275715 0.611480 0.019802 0.065816
0 0.531853 0.640562 0.025829 0.047449
0 0.135955 0.629660 0.271910 0.379592
0 0.007240 0.511177 0.014480 0.038265
0 0.752488 0.695477 0.118814 0.097959
0 0.877354 0.839944 0.242380 0.314522
0 0.364477 0.609439 0.027551 0.038265
0 0.430341 0.607908 0.007749 0.016837
0 0.477173 0.656446 0.099012 0.163776
1 0.471877 0.567891 0.039161 0.031701
0 0.548203 0.659507 0.043048 0.056633
0 0.634730 0.706191 0.100733 0.116327
