0 0.388670 0.559554 0.029252 0.062404
0 0.362344 0.561634 0.016381 0.029122
0 0.498072 0.583475 0.028082 0.101926
0 0.577637 0.587635 0.051483 0.089445
0 0.602208 0.599076 0.053823 0.108166
0 0.654861 0.615717 0.093606 0.149769
0 0.756658 0.645879 0.187211 0.230894
0 0.325487 0.565794 0.036272 0.033282
0 0.145296 0.577235 0.026912 0.056163
0 0.094398 0.583475 0.077225 0.072804
0 0.062806 0.564754 0.023401 0.022881
0 0.029063 0.592836 0.058126 0.087365
0 0.890046 0.688521 0.217633 0.361942
0 0.433133 0.634438 0.136898 0.220493
0 0.200874 0.566834 0.014041 0.027042
