0 0.429890 0.570154 0.013647 0.020796
0 0.415268 0.569288 0.015597 0.019063
0 0.401133 0.569288 0.010723 0.019063
0 0.387974 0.575353 0.019496 0.048524
0 0.471807 0.590950 0.046791 0.072786
2 0.564488 0.567635 0.071988 0.112805
0 0.121364 0.733055 0.240778 0.422850
0 0.289170 0.578891 0.022142 0.034515
0 0.306577 0.581419 0.008773 0.022529
0 0.323196 0.577953 0.010629 0.012131
0 0.217382 0.597882 0.040942 0.048524
2 0.520303 0.562674 0.030422 0.093606
0 0.361174 0.580355 0.042123 0.070724
4 0.899991 0.663560 0.076055 0.108166
