0 0.252925 0.516166 0.014007 0.017787
0 0.238418 0.517055 0.013006 0.016008
0 0.228913 0.528617 0.012006 0.021344
0 0.207402 0.522391 0.027013 0.030237
0 0.175387 0.544625 0.013006 0.024901
0 0.161380 0.552629 0.017008 0.033794
0 0.147873 0.555297 0.016008 0.035573
0 0.114356 0.581087 0.069034 0.087154
0 0.070835 0.551739 0.020010 0.028459
0 0.044822 0.611324 0.088043 0.108498
1 0.311954 0.525059 0.082041 0.081818
0 0.313455 0.589091 0.095047 0.135178
0 0.213906 0.613103 0.126062 0.151186
0 0.941265 0.569526 0.116057 0.113834
0 0.359704 0.519031 0.017547 0.022529
