0 0.392181 0.468028 0.029252 0.037442
0 0.362605 0.466780 0.024571 0.020801
0 0.342714 0.468860 0.022231 0.029122
0 0.326918 0.470940 0.018721 0.033282
0 0.306441 0.467820 0.026912 0.039522
0 0.282455 0.476141 0.039782 0.043683
0 0.249693 0.481341 0.030422 0.037442
0 0.224536 0.482381 0.029252 0.039522
0 0.199380 0.490701 0.044463 0.052003
0 0.147897 0.486541 0.079565 0.076965
0 0.059381 0.492990 0.090095 0.089445
0 0.441584 0.468236 0.016381 0.018721
0 0.477857 0.471356 0.016381 0.024961
0 0.502428 0.472396 0.032762 0.031202
0 0.534020 0.480717 0.037442 0.043683
0 0.579653 0.485917 0.046803 0.058243
0 0.406161 0.650930 0.012871 0.006240
