0 0.231029 0.558023 0.126725 0.117843
0 0.658970 0.528562 0.097481 0.114377
0 0.535657 0.519031 0.022421 0.032927
0 0.421604 0.531162 0.036068 0.036393
0 0.611205 0.516432 0.044841 0.097048
0 0.580011 0.522497 0.029244 0.050257
0 0.582935 0.490437 0.031194 0.027728
0 0.563439 0.517298 0.007798 0.029461
0 0.556615 0.519031 0.007798 0.025995
0 0.443538 0.530295 0.007798 0.027728
0 0.448412 0.520764 0.023395 0.032927
0 0.463521 0.523364 0.012673 0.027728
0 0.473757 0.521631 0.015597 0.031194
0 0.489354 0.524230 0.011698 0.015597
0 0.498127 0.520764 0.013647 0.019063
0 0.507387 0.503434 0.012673 0.012131
0 0.514699 0.489570 0.011698 0.008665
4 0.516161 0.523364 0.016572 0.010398
0 0.522497 0.474840 0.005849 0.013864
0 0.531270 0.456643 0.009748 0.015597
