0 0.284947 0.448125 0.015820 0.023437
0 0.319224 0.450468 0.010547 0.018750
0 0.375254 0.455156 0.011865 0.028125
0 0.388438 0.448125 0.014502 0.023437
0 0.397007 0.444609 0.010547 0.021094
0 0.416783 0.453984 0.026367 0.039844
0 0.476109 0.450468 0.013184 0.018750
0 0.487315 0.450468 0.009229 0.023437
0 0.495225 0.455156 0.014502 0.018750
0 0.509068 0.456328 0.015820 0.030469
0 0.573008 0.468047 0.027686 0.035156
0 0.603330 0.469218 0.046143 0.056250
0 0.646177 0.479765 0.063281 0.063281
0 0.752305 0.495000 0.093603 0.084375
0 0.824155 0.472734 0.068555 0.063281
0 0.893369 0.511406 0.146338 0.093750
0 0.966538 0.531328 0.065918 0.091406
1 0.042937 0.505547 0.085875 0.250781
0 0.303404 0.452812 0.023730 0.032812
0 0.337681 0.453984 0.015820 0.025781
0 0.363389 0.456328 0.022412 0.035156
0 0.169740 0.546805 0.228376 0.323924
1 0.550596 0.449297 0.038232 0.063281
