0 0.652162 0.507464 0.012292 0.019424
0 0.618017 0.493705 0.012292 0.014568
0 0.606408 0.497348 0.010926 0.016996
0 0.595482 0.494919 0.016389 0.007284
0 0.594799 0.509488 0.015024 0.021853
0 0.584555 0.494919 0.010926 0.016996
0 0.576361 0.492491 0.010926 0.016996
0 0.570215 0.493705 0.012292 0.024281
0 0.563386 0.498562 0.009560 0.029137
0 0.558605 0.502204 0.010926 0.026709
0 0.549728 0.505846 0.017755 0.029137
0 0.539484 0.516772 0.010926 0.031565
0 0.528558 0.513130 0.021853 0.038849
0 0.521729 0.517986 0.021853 0.033993
0 0.508754 0.517986 0.015024 0.048561
0 0.498511 0.527698 0.019121 0.048561
0 0.491682 0.530126 0.021853 0.053417
0 0.467326 0.534578 0.031413 0.060701
0 0.895499 0.552788 0.071021 0.067986
0 0.082630 0.520009 0.072387 0.080126
0 0.046437 0.528508 0.092873 0.097122
0 0.432270 0.537006 0.058729 0.075270
0 0.611871 0.522437 0.027316 0.036421
0 0.671510 0.517581 0.019121 0.026709
0 0.947398 0.570999 0.090142 0.075270
1 0.778696 0.512725 0.064135 0.094694
