0 0.603893 0.357863 0.012673 0.019063
0 0.593171 0.356996 0.010723 0.017330
0 0.519085 0.365661 0.020471 0.024262
0 0.505438 0.365661 0.006824 0.017330
0 0.501051 0.366528 0.007798 0.019063
0 0.491791 0.369994 0.004874 0.025995
0 0.484479 0.370860 0.011698 0.031194
0 0.377251 0.389057 0.070186 0.109178
0 0.311451 0.408120 0.034118 0.109178
0 0.410394 0.404654 0.115027 0.129974
0 0.540531 0.364795 0.020471 0.025995
0 0.579036 0.363062 0.019496 0.029461
1 0.629238 0.342266 0.043866 0.098781
0 0.155430 0.467996 0.310861 0.429957
2 0.117952 0.240886 0.235903 0.155969
