0 0.048104 0.490619 0.096178 0.141635
0 0.123108 0.473393 0.092589 0.096975
0 0.200266 0.457443 0.078952 0.067628
0 0.244766 0.454253 0.038758 0.058696
0 0.272041 0.451063 0.027274 0.047212
0 0.395852 0.441494 0.040912 0.076560
0 0.413796 0.441494 0.013637 0.043384
0 0.435687 0.429372 0.015790 0.019140
0 0.425638 0.422354 0.010048 0.020416
0 0.450042 0.419802 0.017226 0.015312
0 0.467268 0.437331 0.033016 0.061917
0 0.483417 0.432562 0.015073 0.020416
0 0.500284 0.439580 0.012919 0.031900
0 0.506385 0.444046 0.013637 0.038280
0 0.516433 0.440856 0.016508 0.044660
0 0.530788 0.452339 0.023686 0.057420
0 0.537966 0.456805 0.026557 0.063800
0 0.563446 0.464461 0.044500 0.094423
0 0.610458 0.478497 0.092589 0.122495
0 0.732475 0.557609 0.181590 0.199055
0 0.864660 0.664792 0.264131 0.377694
0 0.447171 0.495085 0.080388 0.114839
0 0.353505 0.460633 0.072492 0.096975
1 0.482340 0.413422 0.017226 0.028072
4 0.067123 0.506604 0.055266 0.111011
