0 0.554905 0.658711 0.095886 0.174560
0 0.745147 0.644849 0.125316 0.096202
0 0.011287 0.728393 0.020886 0.135021
0 0.050316 0.698903 0.098734 0.181941
0 0.934071 0.633878 0.091139 0.114768
0 0.462247 0.632405 0.023734 0.035443
0 0.449430 0.639156 0.015190 0.045570
0 0.427120 0.635780 0.044620 0.062447
0 0.415253 0.644219 0.028481 0.048945
0 0.402911 0.647595 0.020886 0.055696
0 0.374905 0.647595 0.054114 0.075949
0 0.336456 0.664472 0.066456 0.079325
0 0.237247 0.674599 0.122468 0.116456
0 0.165095 0.686413 0.171835 0.140084
0 0.606645 0.636624 0.011392 0.057384
0 0.626582 0.642531 0.041772 0.059072
