0 0.394636 0.372047 0.011959 0.017008
0 0.404203 0.367795 0.009567 0.012756
0 0.383873 0.374173 0.009567 0.012756
0 0.373708 0.374173 0.010763 0.021260
0 0.367729 0.376299 0.010763 0.021260
0 0.358162 0.380551 0.025113 0.068032
0 0.319296 0.389055 0.064577 0.093543
0 0.288802 0.379488 0.017938 0.036142
0 0.276245 0.392244 0.038268 0.061654
0 0.236184 0.400748 0.072948 0.087165
0 0.422141 0.369921 0.014350 0.021260
0 0.429316 0.373110 0.016742 0.023386
0 0.432306 0.373110 0.017938 0.027638
0 0.437687 0.382677 0.016742 0.029764
0 0.445460 0.384803 0.015546 0.046772
0 0.454429 0.378425 0.019134 0.072283
0 0.487914 0.384803 0.066969 0.089291
0 0.914001 0.401599 0.168617 0.116929
