0 0.306700 0.483281 0.014502 0.018750
0 0.467539 0.463491 0.019775 0.021358
0 0.279673 0.491484 0.013184 0.021094
0 0.265171 0.490312 0.013184 0.023437
0 0.203208 0.487968 0.018457 0.018750
0 0.045005 0.489140 0.015820 0.030469
0 0.019957 0.491484 0.034277 0.039844
0 0.068736 0.486797 0.039551 0.049219
0 0.184092 0.498515 0.038232 0.039844
0 0.234849 0.491484 0.015820 0.021094
0 0.106968 0.491484 0.042187 0.053906
0 0.425352 0.450468 0.011865 0.023437
0 0.472813 0.486797 0.032959 0.053906
0 0.006023 0.503203 0.012046 0.049219
