3 0.481599 0.412273 0.017206 0.038746
0 0.063090 0.427058 0.013765 0.013255
0 0.112702 0.407175 0.010897 0.012236
0 0.102091 0.413803 0.014912 0.009177
0 0.105246 0.419411 0.015486 0.012236
0 0.366018 0.409384 0.007456 0.013255
0 0.389820 0.401227 0.006883 0.017334
0 0.411615 0.397659 0.012618 0.012236
0 0.427674 0.398678 0.009177 0.010196
0 0.441153 0.395619 0.009750 0.008157
0 0.500323 0.396129 0.006883 0.009177
0 0.513228 0.394600 0.008603 0.010196
0 0.523552 0.394600 0.009750 0.016314
0 0.567715 0.390011 0.012044 0.015295
0 0.554810 0.382874 0.012618 0.015295
0 0.376151 0.406835 0.013192 0.016314
1 0.251657 0.366599 0.211638 0.282440
