1 0.496661 0.375497 0.028162 0.042914
0 0.539911 0.392483 0.016093 0.019669
0 0.520298 0.392483 0.021122 0.033974
0 0.473528 0.389801 0.012070 0.028609
1 0.440337 0.404106 0.056325 0.110861
0 0.370937 0.382649 0.026151 0.014305
0 0.356353 0.409470 0.021122 0.039338
0 0.336740 0.421093 0.032185 0.051854
0 0.309584 0.430033 0.038220 0.066159
0 0.385018 0.413046 0.046267 0.060795
0 0.416198 0.451490 0.076440 0.091192
0 0.241692 0.438079 0.103597 0.107285
4 0.334226 0.453278 0.019110 0.055430
2 0.610819 0.414834 0.075435 0.150199
0 0.687259 0.423775 0.051296 0.046490
0 0.714919 0.455066 0.100579 0.069735
0 0.881378 0.509603 0.232339 0.150199
