0 0.286830 0.420756 0.032228 0.025066
0 0.319562 0.418966 0.031221 0.028647
0 0.249063 0.422547 0.041292 0.025066
0 0.186117 0.425232 0.062442 0.026857
0 0.192664 0.452089 0.091649 0.041180
0 0.103029 0.450299 0.083592 0.051923
0 0.431857 0.421651 0.030214 0.044761
0 0.470128 0.416280 0.052371 0.073409
0 0.359344 0.436870 0.076542 0.082361
0 0.535591 0.424337 0.086613 0.132493
1 0.597530 0.386737 0.023164 0.042971
0 0.607601 0.400166 0.023164 0.034019
0 0.775791 0.406432 0.045321 0.039390
0 0.852837 0.414489 0.108770 0.073409
0 0.867886 0.393899 0.127013 0.057294
0 0.959089 0.384947 0.073520 0.053714
1 0.695221 0.393899 0.107763 0.078780
0 0.076646 0.473672 0.084375 0.044531
