0 0.375913 0.494531 0.007910 0.042187
0 0.365367 0.503906 0.023730 0.075000
0 0.498521 0.498047 0.015820 0.030469
0 0.527525 0.506250 0.026367 0.042187
0 0.564439 0.503906 0.015820 0.018750
0 0.584873 0.507422 0.017139 0.025781
0 0.638926 0.513281 0.014502 0.023437
0 0.656065 0.514453 0.022412 0.044531
0 0.677818 0.510937 0.018457 0.023437
0 0.752305 0.526172 0.030322 0.049219
0 0.793833 0.530859 0.063281 0.072656
0 0.905234 0.529687 0.046143 0.032812
0 0.704185 0.535547 0.087012 0.072656
0 0.607285 0.523828 0.056689 0.049219
0 0.961265 0.557812 0.076465 0.093750
0 0.915122 0.583593 0.137109 0.089062
1 0.304722 0.462890 0.102832 0.208594
1 0.431944 0.432422 0.117334 0.274219
0 0.466880 0.663281 0.221484 0.318750
0 0.232212 0.568359 0.100195 0.142969
1 0.114129 0.554296 0.228257 0.574218
