1 0.206137 0.848211 0.104003 0.149547
2 0.373788 0.852320 0.027858 0.023112
0 0.352212 0.853388 0.016824 0.023694
0 0.323152 0.861157 0.013765 0.010876
0 0.313211 0.861836 0.009177 0.017674
0 0.292945 0.872033 0.081826 0.051662
1 0.526570 0.848921 0.022942 0.032628
0 0.460366 0.827946 0.010706 0.014955
0 0.451954 0.839501 0.007647 0.010876
0 0.459984 0.846299 0.009941 0.013595
0 0.443542 0.853776 0.009177 0.014955
0 0.430160 0.857855 0.013000 0.009517
0 0.420983 0.858535 0.013000 0.013595
0 0.410659 0.856495 0.013765 0.012236
0 0.398423 0.853097 0.012236 0.019033
0 0.478337 0.842900 0.012236 0.012236
0 0.474131 0.855816 0.008412 0.016314
0 0.471455 0.868051 0.013765 0.019033
0 0.454631 0.855816 0.021412 0.013595
0 0.563605 0.846979 0.029824 0.028550
0 0.544226 0.849698 0.012479 0.014955
0 0.524986 0.863293 0.019883 0.031269
0 0.456021 0.874188 0.028295 0.038066
0 0.496934 0.888463 0.053531 0.072054
0 0.501523 0.844959 0.016824 0.017674
0 0.656701 0.893484 0.084120 0.106567
0 0.566080 0.845483 0.019118 0.017674
0 0.622670 0.851601 0.019118 0.016314
0 0.711761 0.862477 0.019883 0.019033
0 0.771027 0.885589 0.034413 0.019033
0 0.828471 0.920846 0.058119 0.038066
1 0.961985 0.917837 0.072649 0.119057
