0 0.447715 0.351428 0.017930 0.033750
0 0.377339 0.345846 0.014288 0.018835
0 0.362812 0.343928 0.016875 0.022500
0 0.340137 0.352366 0.015820 0.016875
0 0.325898 0.349553 0.016875 0.018750
0 0.257871 0.365491 0.032695 0.035625
0 0.140801 0.375803 0.087539 0.052500
0 0.579325 0.357053 0.029531 0.026250
0 0.625731 0.350491 0.023203 0.024375
0 0.744383 0.356116 0.036914 0.028125
0 0.773914 0.387991 0.066444 0.043125
0 0.636805 0.371116 0.041133 0.035625
0 0.679520 0.368303 0.050625 0.048750
0 0.714325 0.358928 0.027422 0.026250
0 0.827119 0.394342 0.035970 0.042632
0 0.880076 0.380132 0.051957 0.056842
0 0.977901 0.403076 0.041776 0.060099
0 0.469863 0.377812 0.032695 0.046875
0 0.521015 0.390000 0.054844 0.075000
0 0.915546 0.399671 0.078935 0.060395
0 0.406965 0.412105 0.094922 0.152763
