0 0.492588 0.514453 0.014502 0.016406
0 0.476768 0.525000 0.019775 0.028125
0 0.454356 0.520312 0.011865 0.018750
0 0.348887 0.529687 0.006592 0.018750
0 0.329771 0.533203 0.010547 0.007031
0 0.307359 0.533203 0.010547 0.011719
0 0.262535 0.536718 0.010547 0.009375
0 0.250669 0.539062 0.010547 0.014062
0 0.234190 0.542578 0.011865 0.007031
0 0.218370 0.541406 0.011865 0.014062
0 0.203208 0.543750 0.010547 0.014062
0 0.190684 0.546093 0.011865 0.014062
0 0.175523 0.547265 0.015820 0.016406
0 0.163658 0.548437 0.015820 0.018750
0 0.149156 0.553125 0.018457 0.014062
0 0.132017 0.554296 0.013184 0.011719
0 0.117515 0.556640 0.013184 0.016406
0 0.104991 0.555468 0.017139 0.014062
0 0.093785 0.558984 0.023730 0.016406
0 0.073350 0.561328 0.025049 0.021094
0 0.051597 0.564843 0.021094 0.018750
0 0.033140 0.566015 0.029004 0.016406
0 0.012046 0.568359 0.018457 0.021094
0 0.532139 0.519140 0.014502 0.025781
0 0.521592 0.520312 0.006592 0.018750
0 0.555210 0.517968 0.023730 0.042187
0 0.718027 0.495703 0.017139 0.044531
0 0.774717 0.528515 0.114697 0.133594
0 0.901938 0.560156 0.187207 0.164062
0 0.647495 0.529687 0.145019 0.206250
