0 0.536584 0.414426 0.013765 0.017674
0 0.570997 0.422583 0.027530 0.028550
0 0.597380 0.430740 0.025236 0.031269
0 0.453994 0.411707 0.013765 0.023112
0 0.436787 0.411027 0.023707 0.035347
0 0.418434 0.416465 0.026765 0.029909
1 0.367537 0.412550 0.035262 0.049268
0 0.334696 0.491918 0.107062 0.118278
0 0.770464 0.428248 0.039766 0.048943
0 0.815965 0.433006 0.046648 0.055740
0 0.920167 0.452946 0.056223 0.062991
0 0.871025 0.450000 0.057355 0.073414
1 0.494949 0.410144 0.022942 0.051662
0 0.964330 0.463369 0.068810 0.085650
