0 0.047182 0.727425 0.094364 0.287343
0 0.104884 0.657714 0.208493 0.311146
0 0.379847 0.568451 0.043038 0.040806
0 0.344939 0.559950 0.099465 0.085013
0 0.304770 0.568451 0.122418 0.105416
0 0.288512 0.573552 0.137720 0.112217
0 0.173266 0.585454 0.268746 0.197229
0 0.316247 0.630510 0.019128 0.062909
0 0.415234 0.558533 0.020084 0.056108
1 0.441534 0.548898 0.040168 0.098048
0 0.555823 0.563634 0.014346 0.059509
0 0.543868 0.554282 0.017215 0.023804
0 0.570647 0.554282 0.026779 0.078212
1 0.625640 0.560517 0.096596 0.156423
0 0.537652 0.541531 0.021997 0.022103
0 0.678720 0.558533 0.013389 0.069710
0 0.769736 0.570435 0.108072 0.103715
0 0.479312 0.584604 0.090857 0.127519
0 0.902197 0.581203 0.164499 0.134320
3 0.599897 0.605334 0.042892 0.095315
