0 0.428059 0.410404 0.026383 0.039766
0 0.405977 0.406835 0.014339 0.038746
0 0.389631 0.402757 0.034413 0.055060
0 0.361814 0.418561 0.033839 0.039766
0 0.342601 0.431307 0.041295 0.050982
0 0.328835 0.436405 0.032119 0.044864
0 0.313350 0.442013 0.035560 0.045884
0 0.292129 0.449150 0.042442 0.052002
0 0.243951 0.449150 0.098650 0.062198
0 0.214700 0.468014 0.086032 0.077492
0 0.549014 0.427428 0.070546 0.081571
0 0.544426 0.453939 0.044163 0.085650
0 0.667451 0.470253 0.086032 0.112160
0 0.509726 0.450880 0.053913 0.116239
0 0.483630 0.468213 0.084311 0.146828
0 0.866628 0.507779 0.264978 0.395619
