0 0.579088 0.423214 0.017219 0.019898
0 0.591142 0.420153 0.013776 0.019898
0 0.601474 0.421684 0.017219 0.022959
0 0.610944 0.427041 0.018941 0.027551
0 0.631177 0.423980 0.030134 0.039796
0 0.635051 0.433163 0.025829 0.027551
0 0.450718 0.428572 0.016703 0.015306
0 0.426869 0.431633 0.013776 0.015306
0 0.408788 0.433929 0.012054 0.013776
0 0.464665 0.425051 0.012915 0.019898
0 0.272440 0.449745 0.045172 0.042347
0 0.297637 0.447092 0.026690 0.040102
0 0.241072 0.457347 0.058546 0.058163
0 0.479732 0.424745 0.015497 0.016837
0 0.506853 0.424745 0.016358 0.016837
0 0.523642 0.423214 0.018941 0.019898
0 0.541722 0.423214 0.012054 0.016837
0 0.778747 0.436225 0.128284 0.104082
0 0.928039 0.463776 0.138616 0.226531
0 0.162867 0.460204 0.071460 0.061225
0 0.362468 0.488266 0.141199 0.163776
0 0.100303 0.548358 0.198884 0.480612
