0 0.360752 0.532500 0.014502 0.028125
0 0.415464 0.520781 0.026367 0.037500
0 0.341636 0.530156 0.034277 0.046875
0 0.337681 0.543046 0.026367 0.044531
0 0.475449 0.527812 0.017139 0.032812
0 0.486656 0.526640 0.018457 0.044531
0 0.500498 0.532500 0.027686 0.060937
0 0.506431 0.540703 0.018457 0.058594
0 0.516319 0.539531 0.022412 0.075000
0 0.536094 0.545390 0.048779 0.096094
0 0.580918 0.548906 0.083057 0.121875
1 0.456992 0.502031 0.022412 0.042187
1 0.366026 0.506718 0.040869 0.056250
1 0.240782 0.456328 0.180615 0.269531
0 0.394370 0.559453 0.071191 0.100781
0 0.633653 0.579375 0.154248 0.145312
0 0.091807 0.603984 0.180615 0.180469
