0 0.491297 0.599437 0.141456 0.217721
0 0.359335 0.566526 0.037025 0.043882
0 0.786867 0.596062 0.139557 0.194093
0 0.952057 0.543741 0.056013 0.065823
0 0.422943 0.554711 0.008544 0.027004
0 0.417721 0.553024 0.007595 0.030380
0 0.408228 0.552180 0.013291 0.045570
0 0.400633 0.556399 0.022785 0.043882
0 0.375475 0.558931 0.029430 0.052321
0 0.577215 0.547960 0.018987 0.040506
0 0.560126 0.527707 0.020886 0.016878
0 0.561076 0.566526 0.036076 0.070886
0 0.712341 0.553024 0.043671 0.050633
0 0.847626 0.542053 0.037025 0.045570
0 0.882753 0.538678 0.031329 0.048945
