0 0.369940 0.457510 0.014622 0.045058
0 0.347519 0.467041 0.038018 0.064121
0 0.233954 0.508633 0.124775 0.150770
0 0.113565 0.558023 0.203735 0.207959
0 0.039570 0.630809 0.078778 0.204493
0 0.405033 0.454044 0.022421 0.031194
1 0.433302 0.434981 0.026320 0.051990
0 0.457672 0.460109 0.032169 0.053723
0 0.486429 0.447112 0.013647 0.034660
1 0.506900 0.446245 0.027295 0.039859
0 0.522010 0.465308 0.041917 0.050257
0 0.547842 0.460109 0.031194 0.057189
0 0.743778 0.488704 0.111128 0.103980
0 0.880739 0.497369 0.192037 0.152503
