3 0.695958 0.639846 0.044463 0.091525
3 0.636284 0.619461 0.032762 0.075717
4 0.909613 0.681241 0.121687 0.185131
4 0.962851 0.590339 0.071374 0.070724
4 0.986576 0.713483 0.022231 0.162250
4 0.852864 0.559554 0.029252 0.033282
4 0.855789 0.581395 0.023401 0.031202
4 0.884456 0.594916 0.038612 0.037442
4 0.914878 0.574114 0.022231 0.045763
4 0.887381 0.569954 0.032762 0.033282
4 0.966361 0.572034 0.064354 0.041602
4 0.895572 0.658359 0.060844 0.156009
4 0.944130 0.684361 0.050313 0.145609
4 0.734687 0.660440 0.043293 0.076965
2 0.465895 0.581395 0.080735 0.156009
0 0.440739 0.658359 0.079565 0.176811
0 0.228956 0.753352 0.453987 0.443067
3 0.544918 0.628210 0.017547 0.043325
