0 0.135133 0.531851 0.066969 0.061654
0 0.110020 0.540354 0.078927 0.078661
0 0.258905 0.547795 0.108824 0.063780
0 0.404602 0.536103 0.028701 0.048898
0 0.476553 0.517323 0.049031 0.025512
0 0.481336 0.512008 0.020330 0.023386
0 0.495089 0.536457 0.033484 0.055276
0 0.450244 0.541772 0.020330 0.044646
4 0.203098 0.565158 0.034680 0.074409
4 0.119587 0.561614 0.055010 0.057402
4 0.114803 0.571181 0.038268 0.051024
4 0.117195 0.578622 0.028701 0.036142
4 0.578201 0.554173 0.025113 0.055276
4 0.552291 0.559843 0.034680 0.042520
0 0.429715 0.542835 0.043051 0.068032
