0 0.497890 0.520461 0.014988 0.017763
0 0.523369 0.522237 0.017985 0.014211
0 0.544352 0.517796 0.027977 0.040855
0 0.552845 0.528454 0.032973 0.040855
0 0.567333 0.536447 0.025979 0.039079
0 0.480405 0.522237 0.017985 0.028421
0 0.464917 0.524013 0.014988 0.035526
0 0.448431 0.520461 0.023980 0.046184
0 0.436441 0.522237 0.031974 0.049737
0 0.710215 0.590625 0.107911 0.136776
0 0.840109 0.627928 0.255789 0.214934
0 0.248595 0.554211 0.147878 0.177632
1 0.342018 0.529342 0.100917 0.152763
0 0.108311 0.579079 0.216622 0.355263
0 0.406965 0.536447 0.048960 0.060395
0 0.590147 0.547734 0.046143 0.053906
