0 0.475079 0.518361 0.018927 0.030589
0 0.457585 0.519891 0.021795 0.049962
0 0.439232 0.528048 0.033266 0.086669
0 0.396790 0.549970 0.078002 0.171299
0 0.319934 0.547838 0.157152 0.191692
0 0.155241 0.662347 0.306558 0.335246
0 0.534128 0.519242 0.025236 0.045884
0 0.557643 0.523320 0.037854 0.058119
0 0.579438 0.532497 0.041295 0.062198
0 0.624748 0.538615 0.071120 0.115219
0 0.672300 0.560027 0.108974 0.127455
0 0.792197 0.581440 0.108400 0.239615
2 0.515748 0.510436 0.020074 0.045884
0 0.500184 0.517156 0.018353 0.030589
0 0.072293 0.803535 0.144586 0.390521
2 0.917100 0.472496 0.164034 0.944071
