0 0.442758 0.337051 0.017660 0.024668
0 0.456634 0.348264 0.025228 0.024668
0 0.493846 0.340415 0.021444 0.062791
0 0.572054 0.352749 0.056764 0.100914
0 0.421314 0.344900 0.020183 0.035880
0 0.385994 0.343779 0.015137 0.029153
0 0.358874 0.339294 0.023967 0.033638
0 0.348152 0.348264 0.027751 0.042608
0 0.274989 0.361719 0.022706 0.038123
0 0.517813 0.341536 0.064332 0.074003
0 0.406177 0.349385 0.027751 0.044850
1 0.748112 0.276311 0.124881 0.069518
2 0.080565 0.344676 0.161131 0.253405
0 0.637947 0.355888 0.131188 0.132309
