0 0.720510 0.571890 0.008371 0.017008
0 0.747417 0.570827 0.009567 0.027638
0 0.758179 0.572953 0.014350 0.031890
0 0.771334 0.575079 0.021526 0.040394
0 0.773128 0.579331 0.015546 0.036142
0 0.694798 0.578268 0.011959 0.021260
0 0.688819 0.582520 0.014350 0.025512
0 0.729479 0.575079 0.019134 0.023386
0 0.707355 0.580394 0.017938 0.029764
0 0.582387 0.601654 0.043051 0.093543
4 0.482532 0.666496 0.037072 0.095669
4 0.415564 0.646299 0.034680 0.080787
4 0.530367 0.631417 0.017938 0.042520
0 0.642180 0.613347 0.102845 0.167953
0 0.869873 0.546378 0.028701 0.025512
0 0.907543 0.574016 0.065773 0.085039
0 0.944615 0.586772 0.015546 0.042520
0 0.963749 0.582520 0.037072 0.051024
0 0.982883 0.585709 0.032288 0.053150
0 0.830410 0.625040 0.133937 0.165827
