0 0.454091 0.491593 0.024006 0.048367
0 0.428085 0.518621 0.047211 0.068282
0 0.320860 0.553474 0.151235 0.166438
0 0.244842 0.535692 0.047211 0.091043
0 0.198432 0.527157 0.058413 0.056902
0 0.577719 0.477367 0.018404 0.036986
0 0.612927 0.480212 0.015204 0.019916
0 0.624130 0.473100 0.013603 0.022761
0 0.647735 0.473100 0.011203 0.017071
0 0.662939 0.470966 0.016004 0.021338
0 0.674942 0.468121 0.017604 0.027028
0 0.692146 0.466698 0.016804 0.021338
0 0.770164 0.452473 0.046411 0.024183
0 0.526107 0.563432 0.156836 0.234721
0 0.027306 0.550629 0.053612 0.052634
