0 0.567044 0.491232 0.021594 0.034123
0 0.548450 0.492298 0.020394 0.027725
0 0.529855 0.498696 0.019194 0.027725
1 0.492666 0.475237 0.045586 0.087441
0 0.459676 0.485900 0.041988 0.061848
0 0.436883 0.499763 0.039588 0.051185
0 0.400893 0.497630 0.063581 0.072512
0 0.335513 0.492298 0.095972 0.125829
0 0.256336 0.514692 0.117565 0.123697
0 0.010603 0.590402 0.021206 0.113033
0 0.118571 0.520023 0.237142 0.206872
0 0.633624 0.507227 0.015595 0.027725
0 0.645021 0.509360 0.016795 0.027725
0 0.654618 0.508293 0.019194 0.034123
0 0.668414 0.514692 0.020394 0.046919
0 0.822568 0.543483 0.110367 0.142891
0 0.715800 0.523222 0.112767 0.166351
0 0.890348 0.521090 0.046786 0.059716
0 0.913683 0.673578 0.172633 0.607820
