0 0.384639 0.264485 0.010926 0.021853
0 0.372347 0.264485 0.016389 0.026709
0 0.415369 0.270555 0.025950 0.019424
0 0.509608 0.275411 0.034145 0.024281
0 0.553996 0.283910 0.010926 0.026709
0 0.554679 0.265699 0.012292 0.014568
0 0.578580 0.286338 0.021853 0.021853
0 0.517803 0.285124 0.031413 0.029137
0 0.470683 0.272983 0.019121 0.014568
0 0.448831 0.272983 0.016389 0.014568
0 0.454977 0.292408 0.045071 0.024281
0 0.262401 0.285124 0.023218 0.019424
0 0.187283 0.281481 0.020487 0.016996
0 0.146310 0.274197 0.015024 0.016996
0 0.185917 0.292408 0.034145 0.029137
0 0.162699 0.300906 0.047802 0.031565
0 0.311569 0.302120 0.020487 0.043705
0 0.375761 0.291194 0.042339 0.026709
1 0.358689 0.271769 0.027316 0.046133
0 0.480926 0.305762 0.020487 0.036421
0 0.415369 0.304548 0.020487 0.033993
0 0.166796 0.311832 0.047802 0.029137
0 0.215964 0.311832 0.045071 0.043705
0 0.268547 0.303334 0.040974 0.041277
0 0.336836 0.309404 0.043705 0.058273
0 0.373030 0.306976 0.031413 0.033993
0 0.411954 0.311832 0.024584 0.033993
0 0.470683 0.315474 0.030047 0.036421
0 0.079386 0.334899 0.110628 0.099550
0 0.118994 0.308190 0.034145 0.041277
0 0.135383 0.310618 0.015024 0.031565
