0 0.377765 0.608406 0.009789 0.024862
0 0.366577 0.618350 0.015383 0.039779
0 0.356088 0.627052 0.013985 0.042265
0 0.341404 0.625809 0.023774 0.069613
0 0.317630 0.646942 0.054541 0.106906
0 0.283367 0.650671 0.050345 0.099448
0 0.219736 0.680505 0.124465 0.179006
0 0.116511 0.774980 0.233022 0.338122
0 0.037497 0.843350 0.074994 0.300829
0 0.391749 0.609649 0.012586 0.022376
0 0.407832 0.614621 0.011188 0.022376
0 0.429508 0.624566 0.018180 0.022376
0 0.444892 0.629538 0.018180 0.022376
0 0.479154 0.645698 0.030767 0.059669
0 0.539988 0.682991 0.110480 0.149171
0 0.782625 0.765035 0.318854 0.308287
