0 0.041420 0.655654 0.082446 0.183214
0 0.117900 0.606475 0.079192 0.038571
0 0.213365 0.601654 0.040138 0.040500
0 0.247536 0.573689 0.028205 0.030857
0 0.219873 0.573689 0.031460 0.023143
0 0.312083 0.596832 0.059665 0.069429
0 0.532302 0.789163 0.322192 0.412714
0 0.433583 0.543797 0.016272 0.017357
0 0.414056 0.552475 0.016272 0.023143
0 0.398326 0.542832 0.010848 0.011571
0 0.377715 0.542832 0.013018 0.011571
0 0.346798 0.559225 0.018442 0.021214
0 0.301777 0.564047 0.030375 0.034714
0 0.441177 0.608404 0.087870 0.104143
0 0.372291 0.598761 0.067259 0.115714
0 0.468297 0.562118 0.070513 0.084857
1 0.273030 0.379868 0.113906 0.040500
