0 0.032481 0.567187 0.059326 0.037500
0 0.079942 0.564843 0.051416 0.046875
0 0.362730 0.558984 0.026367 0.021094
0 0.302745 0.555468 0.022412 0.018750
0 0.447105 0.555468 0.015820 0.014062
0 0.422715 0.570703 0.038232 0.058594
0 0.471494 0.550781 0.011865 0.018750
0 0.498521 0.568359 0.036914 0.077344
0 0.536094 0.600000 0.096240 0.121875
0 0.582896 0.576562 0.031641 0.065625
0 0.625083 0.588281 0.073828 0.079687
0 0.783286 0.631640 0.139746 0.133594
0 0.919736 0.671484 0.156885 0.255469
0 0.253965 0.556640 0.019775 0.025781
