0 0.203247 0.500835 0.201785 0.197561
0 0.313888 0.511233 0.052640 0.093582
0 0.363116 0.492170 0.049715 0.069320
0 0.396747 0.486104 0.025345 0.057189
0 0.418193 0.487837 0.017547 0.043325
0 0.433789 0.486104 0.009748 0.032927
0 0.859293 0.510366 0.195936 0.168100
0 0.748652 0.499968 0.099430 0.119576
0 0.683828 0.501701 0.063363 0.081451
0 0.645810 0.491303 0.061413 0.081451
0 0.605843 0.493036 0.026320 0.057189
0 0.579036 0.490437 0.031194 0.055456
0 0.556615 0.488704 0.019496 0.045058
0 0.539556 0.491303 0.016572 0.032927
