0 0.114218 0.559266 0.113049 0.098409
0 0.551209 0.626488 0.332129 0.249487
0 0.193742 0.546098 0.066270 0.080390
0 0.241690 0.541247 0.043660 0.065144
0 0.271706 0.535703 0.033525 0.056827
0 0.300943 0.532238 0.024949 0.044353
0 0.318485 0.535010 0.005458 0.027721
0 0.322773 0.532238 0.014034 0.036037
0 0.332909 0.527387 0.012474 0.040195
0 0.342654 0.527387 0.013254 0.031879
0 0.353569 0.525308 0.017932 0.027721
0 0.428805 0.526001 0.023389 0.026335
0 0.411653 0.523229 0.018711 0.031879
0 0.399178 0.521843 0.007796 0.023563
4 0.649055 0.751232 0.236233 0.257803
0 0.978065 0.632726 0.042881 0.090092
1 0.458432 0.503824 0.029627 0.026335
