0 0.392446 0.550208 0.017219 0.030612
0 0.377379 0.545616 0.021524 0.045918
0 0.353702 0.548677 0.025829 0.055102
0 0.324860 0.554034 0.031856 0.068878
0 0.297309 0.560922 0.047353 0.101020
0 0.228861 0.563983 0.103316 0.153061
0 0.122258 0.616837 0.176499 0.214286
0 0.023492 0.675875 0.046984 0.241837
0 0.535339 0.536371 0.043909 0.094898
0 0.549975 0.550146 0.049075 0.110204
0 0.606762 0.549971 0.109417 0.171079
0 0.673278 0.603061 0.153253 0.192857
0 0.849131 0.661225 0.297465 0.468368
0 0.473820 0.556123 0.010332 0.012245
0 0.500941 0.553061 0.016358 0.030612
