0 0.024936 0.568729 0.028995 0.043299
0 0.060309 0.573883 0.044072 0.041237
0 0.104381 0.573883 0.018557 0.041237
0 0.138015 0.570790 0.034794 0.039175
0 0.162371 0.560481 0.013918 0.030928
0 0.325902 0.543986 0.011598 0.018557
0 0.334601 0.545017 0.010438 0.020619
0 0.342139 0.547079 0.011598 0.020619
0 0.351418 0.548110 0.011598 0.018557
0 0.372294 0.547079 0.016237 0.020619
0 0.385052 0.550172 0.011598 0.026804
0 0.403608 0.530584 0.037113 0.041237
0 0.400709 0.567698 0.042912 0.061856
0 0.260954 0.563574 0.016237 0.024742
0 0.264433 0.565636 0.006959 0.024742
0 0.313724 0.548110 0.012758 0.026804
2 0.462841 0.543594 0.059149 0.084536
1 0.594171 0.503387 0.191914 0.416495
0 0.419845 0.584831 0.046392 0.059794
0 0.238338 0.556996 0.022036 0.049485
0 0.197745 0.560088 0.035954 0.030928
0 0.223840 0.563181 0.011598 0.028866
0 0.894284 0.655965 0.207603 0.432990
