0 0.198424 0.439322 0.072076 0.074746
0 0.238753 0.440847 0.017161 0.028983
0 0.264494 0.431695 0.020593 0.032034
0 0.300103 0.435508 0.030032 0.045763
0 0.319838 0.421017 0.012871 0.019831
0 0.473000 0.411864 0.008581 0.016780
0 0.538212 0.408051 0.005148 0.012203
0 0.636030 0.414915 0.013729 0.016780
0 0.650188 0.416441 0.011155 0.016780
0 0.775463 0.405000 0.022309 0.015254
0 0.792624 0.407288 0.010297 0.010678
0 0.807211 0.405000 0.013729 0.021356
0 0.991692 0.401186 0.013729 0.028983
1 0.925622 0.371441 0.116695 0.125085
0 0.750580 0.405000 0.015445 0.012203
0 0.731274 0.405000 0.014587 0.015254
0 0.835527 0.394322 0.020593 0.021356
