0 0.043433 0.458303 0.042032 0.029889
0 0.187042 0.470757 0.077058 0.049816
0 0.228373 0.472002 0.039230 0.047325
0 0.269704 0.467020 0.051839 0.037362
0 0.645189 0.479474 0.012610 0.027399
0 0.653595 0.481965 0.021016 0.037362
0 0.658499 0.491928 0.016813 0.042343
0 0.626975 0.486947 0.015412 0.042343
0 0.614365 0.486947 0.032224 0.052306
0 0.951671 0.525554 0.095272 0.211716
0 0.944666 0.717343 0.109283 0.425923
0 0.535205 0.557311 0.165325 0.256550
0 0.694226 0.498778 0.077058 0.119557
1 0.394399 0.451453 0.107882 0.129520
1 0.309635 0.446472 0.092470 0.074723
1 0.142908 0.437754 0.106481 0.067251
0 0.093171 0.475115 0.046235 0.052306
4 0.752370 0.488192 0.019615 0.044834
4 0.789498 0.495664 0.012610 0.039852
4 0.794402 0.499401 0.008406 0.042343
4 0.800707 0.498155 0.015412 0.039852
4 0.804910 0.501891 0.015412 0.042343
4 0.816819 0.498155 0.016813 0.054797
4 0.825926 0.501891 0.018214 0.057288
4 0.836434 0.503137 0.016813 0.054797
4 0.861653 0.518081 0.014011 0.044834
