0 0.431894 0.548437 0.023730 0.037500
0 0.415415 0.549609 0.022412 0.039844
0 0.534726 0.540234 0.013184 0.025781
0 0.499790 0.536718 0.014502 0.018750
0 0.484760 0.537890 0.008174 0.021094
0 0.543955 0.541406 0.013184 0.028125
0 0.551206 0.549609 0.017139 0.039844
0 0.556479 0.551953 0.011865 0.035156
0 0.564389 0.549609 0.017139 0.044531
0 0.572959 0.554296 0.023730 0.053906
0 0.585483 0.558984 0.027686 0.058594
0 0.810922 0.580078 0.175342 0.133594
0 0.517851 0.544922 0.021094 0.030469
0 0.474345 0.541406 0.018457 0.028125
0 0.489507 0.537890 0.009229 0.021094
0 0.391289 0.553125 0.036914 0.046875
0 0.612378 0.568359 0.059326 0.077344
2 0.146601 0.482422 0.293203 0.377343
