0 0.041257 0.422008 0.063381 0.044646
4 0.056206 0.434764 0.014350 0.044646
0 0.264286 0.423071 0.019134 0.025512
0 0.246348 0.427323 0.011959 0.021260
0 0.208081 0.429449 0.021526 0.021260
1 0.182968 0.408189 0.023917 0.059528
0 0.154865 0.425197 0.032288 0.038268
0 0.383275 0.424134 0.010763 0.019134
0 0.399300 0.444331 0.037072 0.051024
0 0.335321 0.452772 0.069360 0.093669
4 0.461007 0.447520 0.027505 0.027638
4 0.461604 0.447520 0.026309 0.027638
4 0.465192 0.446457 0.026309 0.021260
4 0.477151 0.457087 0.021526 0.038268
4 0.489707 0.457087 0.015546 0.034016
4 0.499274 0.458150 0.022721 0.036142
4 0.502264 0.457087 0.019134 0.034016
4 0.508243 0.458150 0.019134 0.031890
