0 0.932258 0.702540 0.133347 0.432948
0 0.419574 0.393230 0.010527 0.016220
0 0.411854 0.394478 0.009124 0.018715
0 0.406591 0.395102 0.009826 0.019963
0 0.396765 0.395102 0.018247 0.029945
0 0.386589 0.406331 0.016142 0.042421
0 0.366587 0.409450 0.040706 0.051155
0 0.447297 0.400716 0.014037 0.026201
0 0.459929 0.403835 0.018247 0.032440
0 0.478177 0.410698 0.032284 0.051155
0 0.503793 0.427541 0.055444 0.074861
0 0.350035 0.427957 0.045619 0.058641
0 0.092465 0.421719 0.080710 0.098567
0 0.787974 0.591405 0.322840 0.300693
