0 0.417844 0.581881 0.016358 0.013776
0 0.419997 0.599483 0.018941 0.012245
0 0.458740 0.644636 0.036161 0.056633
0 0.470794 0.655350 0.029273 0.062755
0 0.506955 0.653820 0.063712 0.090306
0 0.535367 0.671422 0.067156 0.101020
0 0.293865 0.622442 0.037022 0.073469
0 0.287407 0.630095 0.039605 0.070408
0 0.268897 0.637748 0.035300 0.064286
0 0.206476 0.664534 0.025829 0.065816
0 0.241776 0.657646 0.043048 0.055102
0 0.158262 0.667595 0.092985 0.093367
0 0.013619 0.713513 0.025829 0.136225
0 0.340288 0.592959 0.019802 0.030612
0 0.328664 0.615919 0.017219 0.030612
0 0.421649 0.612857 0.018941 0.021429
0 0.619742 0.689789 0.154975 0.180612
0 0.352841 0.574228 0.017219 0.019898
0 0.861632 0.784362 0.272927 0.425272
0 0.402770 0.584067 0.019673 0.034974
