0 0.421005 0.519588 0.027835 0.041237
0 0.398969 0.523711 0.027835 0.045361
0 0.380412 0.512371 0.016237 0.039175
0 0.365915 0.506186 0.017397 0.026804
0 0.356637 0.534021 0.059149 0.065979
0 0.298067 0.516495 0.055670 0.051546
0 0.218041 0.526804 0.046392 0.043299
0 0.173389 0.524742 0.042912 0.051546
0 0.140915 0.531959 0.024356 0.037113
0 0.118879 0.529897 0.031314 0.045361
0 0.093363 0.561856 0.035954 0.039175
0 0.030735 0.552577 0.047552 0.037113
0 0.072487 0.687217 0.144974 0.232990
0 0.529277 0.548389 0.061131 0.074922
0 0.440142 0.515052 0.015077 0.020619
0 0.454059 0.520206 0.015077 0.022680
0 0.471456 0.522268 0.019716 0.030928
0 0.490593 0.526392 0.020876 0.035052
0 0.809039 0.562445 0.141495 0.109278
0 0.922243 0.727553 0.151686 0.307536
