0 0.253652 0.550312 0.015820 0.015000
0 0.230976 0.557812 0.016875 0.030000
0 0.215684 0.561562 0.017930 0.030000
0 0.191953 0.565312 0.031641 0.052500
0 0.160312 0.583125 0.037969 0.054375
0 0.709949 0.575062 0.067500 0.061875
0 0.494121 0.569687 0.045352 0.043125
0 0.121434 0.591000 0.044297 0.063750
0 0.872754 0.570937 0.169805 0.136875
0 0.864843 0.736875 0.267891 0.266250
0 0.564785 0.574375 0.036914 0.037500
0 0.372199 0.561308 0.019735 0.019831
0 0.358899 0.558257 0.008581 0.019831
0 0.349461 0.551393 0.010297 0.015254
