0 0.564475 0.448750 0.011528 0.021774
0 0.553033 0.444578 0.010087 0.014089
0 0.552672 0.453544 0.009366 0.019213
0 0.545468 0.458027 0.012248 0.025617
0 0.536462 0.459307 0.014409 0.025617
0 0.528537 0.452263 0.011528 0.014089
0 0.522773 0.458667 0.017291 0.021774
0 0.524214 0.468273 0.015850 0.017932
0 0.520611 0.473397 0.011528 0.020493
0 0.483867 0.478520 0.012968 0.023055
0 0.501519 0.484924 0.030980 0.053795
0 0.461281 0.470066 0.036023 0.066603
1 0.342043 0.476471 0.043949 0.053795
0 0.267114 0.479673 0.092941 0.078131
0 0.112934 0.510413 0.124641 0.111433
0 0.390314 0.534108 0.098704 0.143454
0 0.799008 0.589825 0.400581 0.470066
