0 0.437177 0.649068 0.012871 0.025932
0 0.423019 0.647542 0.010297 0.032034
0 0.407574 0.648305 0.010297 0.036610
0 0.389984 0.647542 0.024883 0.047288
0 0.369820 0.652881 0.020593 0.057966
0 0.351801 0.654407 0.034322 0.082373
0 0.315334 0.658983 0.048909 0.100678
0 0.282299 0.688729 0.066928 0.141864
0 0.126562 0.724576 0.242828 0.241017
2 0.466502 0.630763 0.044619 0.108305
0 0.503676 0.641441 0.029174 0.032034
0 0.537998 0.635339 0.020593 0.053390
0 0.558591 0.646017 0.048051 0.062542
0 0.866117 0.652471 0.260274 0.386457
0 0.629888 0.654204 0.061413 0.119576
