0 0.403599 0.457500 0.010547 0.023437
0 0.420738 0.466875 0.034277 0.046875
0 0.378550 0.487968 0.055371 0.103125
0 0.613877 0.477422 0.085693 0.105469
0 0.673203 0.451640 0.069873 0.021094
1 0.362730 0.431718 0.042187 0.065625
1 0.244737 0.430547 0.143701 0.049219
1 0.449742 0.438750 0.039551 0.098437
1 0.812949 0.380156 0.264990 0.206250
0 0.925010 0.570000 0.148975 0.342187
0 0.232872 0.659062 0.309814 0.435937
0 0.769443 0.675468 0.446924 0.496875
0 0.480723 0.480937 0.080420 0.135937
1 0.584873 0.425859 0.112060 0.166406
