0 0.445487 0.330135 0.017547 0.019063
0 0.588297 0.322336 0.020471 0.031194
0 0.617541 0.320603 0.024370 0.020796
0 0.669693 0.316271 0.029244 0.029461
0 0.381637 0.331868 0.010723 0.012131
0 0.364091 0.333601 0.014622 0.019063
0 0.341183 0.330135 0.029244 0.025995
0 0.323149 0.337067 0.020471 0.029461
0 0.299266 0.340533 0.019496 0.022529
0 0.231029 0.350931 0.031194 0.043325
0 0.265635 0.345732 0.049715 0.039859
0 0.136473 0.346598 0.107229 0.117843
0 0.026320 0.380392 0.052640 0.098781
0 0.466446 0.336200 0.032169 0.041592
0 0.416730 0.344865 0.045816 0.072786
0 0.526884 0.346598 0.080909 0.090116
0 0.888537 0.331868 0.221281 0.268614
