0 0.290473 0.588278 0.012070 0.025033
0 0.218559 0.595430 0.021122 0.039338
0 0.199952 0.601689 0.028162 0.037550
0 0.173801 0.605265 0.040232 0.059007
0 0.377475 0.601689 0.043249 0.051854
0 0.470008 0.610629 0.023133 0.059007
0 0.492135 0.620464 0.043249 0.082252
0 0.548297 0.619632 0.105283 0.126829
0 0.656397 0.648972 0.194753 0.196890
0 0.863210 0.767637 0.272442 0.388699
0 0.428770 0.623146 0.069400 0.105497
0 0.328694 0.604371 0.054313 0.067947
0 0.269855 0.601689 0.039226 0.044702
2 0.306063 0.574868 0.031180 0.051854
0 0.108425 0.632980 0.118684 0.114437
