0 0.218844 0.516432 0.123801 0.121309
0 0.300728 0.507767 0.051665 0.062388
0 0.355805 0.496502 0.048740 0.053723
0 0.448412 0.481772 0.021446 0.027728
0 0.464496 0.473973 0.010723 0.019063
0 0.474731 0.470507 0.009748 0.019063
0 0.499589 0.478306 0.057514 0.034660
0 0.623877 0.485238 0.048740 0.069320
0 0.777409 0.540693 0.172541 0.187163
0 0.692114 0.513832 0.062388 0.119576
0 0.599019 0.474840 0.030219 0.055456
0 0.580011 0.471374 0.017547 0.031194
0 0.573187 0.472240 0.015597 0.025995
0 0.563926 0.468774 0.012673 0.022529
0 0.554178 0.467041 0.010723 0.015597
0 0.532198 0.462709 0.007704 0.006932
0 0.542361 0.464647 0.008414 0.009349
