0 0.022525 0.505825 0.042937 0.025504
0 0.050689 0.503275 0.049732 0.020403
0 0.077946 0.503275 0.012433 0.017003
0 0.152066 0.510926 0.015302 0.011902
0 0.174542 0.507525 0.033474 0.015302
0 0.203233 0.503275 0.027735 0.020403
0 0.235751 0.504125 0.025823 0.025504
0 0.397381 0.514326 0.014346 0.022103
0 0.416031 0.505825 0.017215 0.025504
0 0.458590 0.516877 0.023910 0.044207
0 0.489673 0.505825 0.013389 0.022103
0 0.430376 0.536430 0.047820 0.076511
0 0.274006 0.538980 0.100421 0.105416
0 0.358169 0.515177 0.027735 0.030605
0 0.116202 0.523678 0.098508 0.078212
