0 0.515459 0.422985 0.009597 0.017062
0 0.504663 0.420853 0.011996 0.021327
0 0.494466 0.420853 0.017995 0.029858
0 0.480070 0.433649 0.022793 0.029858
0 0.455477 0.435782 0.031191 0.068246
0 0.428485 0.435782 0.039588 0.076777
0 0.371502 0.445379 0.091173 0.121564
0 0.255137 0.472038 0.146357 0.191943
0 0.112659 0.520757 0.225318 0.273650
0 0.531655 0.429384 0.015595 0.021327
0 0.549649 0.427251 0.013196 0.012796
0 0.560446 0.429384 0.010797 0.017062
0 0.566444 0.431516 0.010797 0.017062
0 0.571843 0.434715 0.011996 0.019194
0 0.582639 0.441113 0.021594 0.036256
0 0.616829 0.436848 0.058783 0.083175
0 0.632425 0.460308 0.039588 0.074644
0 0.673812 0.469905 0.091173 0.123697
0 0.739793 0.502962 0.148756 0.168483
0 0.438551 0.430364 0.028847 0.079004
