0 0.273546 0.303558 0.017291 0.023055
0 0.256255 0.304198 0.021614 0.029459
0 0.203660 0.309322 0.034583 0.032021
0 0.171239 0.313164 0.031701 0.055076
0 0.145662 0.299075 0.026657 0.029459
0 0.306687 0.309962 0.020173 0.040987
0 0.326861 0.294592 0.023055 0.015370
0 0.316054 0.315085 0.014409 0.030740
0 0.327941 0.317647 0.016571 0.040987
0 0.344872 0.319568 0.033142 0.052514
0 0.591993 0.340702 0.046110 0.056357
0 0.545883 0.344545 0.063401 0.048672
4 0.604241 0.439326 0.048992 0.110152
2 0.048131 0.265636 0.096263 0.150515
