0 0.193746 0.470677 0.040402 0.068561
0 0.177218 0.480472 0.027547 0.055502
0 0.140489 0.477207 0.062440 0.062031
0 0.087691 0.484553 0.056012 0.063664
0 0.344183 0.494347 0.008264 0.017956
0 0.303322 0.495163 0.012855 0.019589
0 0.289089 0.491082 0.015610 0.027751
0 0.274397 0.489450 0.011937 0.027751
0 0.393002 0.500877 0.009182 0.021221
0 0.416417 0.504142 0.010101 0.014692
0 0.424222 0.510671 0.007346 0.021221
0 0.430649 0.509855 0.011019 0.022854
0 0.440750 0.511487 0.020201 0.029383
0 0.503189 0.531892 0.049584 0.057134
0 0.030761 0.471493 0.061521 0.086518
0 0.004132 0.494405 0.008264 0.059426
1 0.479468 0.502237 0.061521 0.081620
0 0.257257 0.486729 0.024792 0.034281
0 0.317860 0.493259 0.011937 0.014692
0 0.331174 0.491626 0.014692 0.014692
0 0.366985 0.513664 0.047748 0.071826
0 0.561344 0.557467 0.071622 0.076723
0 0.404786 0.502781 0.017446 0.026119
