2 0.462941 0.369269 0.010091 0.017940
0 0.481231 0.373380 0.011353 0.017940
0 0.497630 0.376744 0.016398 0.020183
0 0.519074 0.383471 0.018921 0.029153
0 0.526643 0.387957 0.018921 0.024668
0 0.549979 0.383471 0.027751 0.029153
0 0.628818 0.384593 0.066855 0.067276
0 0.806678 0.374688 0.022706 0.029527
0 0.423627 0.385714 0.029013 0.035880
0 0.375062 0.415988 0.116051 0.074003
0 0.952161 0.363289 0.023967 0.022425
0 0.762948 0.380108 0.029013 0.024668
0 0.726367 0.380108 0.041627 0.038123
0 0.843679 0.460091 0.117312 0.150249
0 0.069378 0.455232 0.137495 0.165947
0 0.972344 0.395058 0.023967 0.065033
0 0.926513 0.367774 0.022706 0.031395
0 0.863253 0.370614 0.040118 0.025472
