0 0.165230 0.537227 0.330460 0.686265
0 0.364091 0.521631 0.123801 0.176765
1 0.383587 0.441913 0.063363 0.093582
0 0.426478 0.472240 0.016572 0.043325
0 0.435252 0.471374 0.010723 0.031194
0 0.443538 0.473973 0.005849 0.015597
0 0.608280 0.496502 0.046791 0.050257
0 0.582935 0.489570 0.031194 0.046791
0 0.545892 0.484371 0.027295 0.022529
0 0.472782 0.475706 0.025345 0.025995
0 0.645323 0.490437 0.035093 0.031194
0 0.537119 0.480039 0.027295 0.027728
0 0.521035 0.485238 0.014622 0.020796
0 0.512262 0.483505 0.006824 0.017330
0 0.505438 0.481772 0.014622 0.017330
