0 0.624301 0.562038 0.014813 0.008316
0 0.671470 0.559959 0.014034 0.009702
0 0.705774 0.575205 0.018711 0.023563
0 0.677707 0.575205 0.042101 0.026335
0 0.862093 0.588372 0.040542 0.033265
0 0.545947 0.571047 0.039762 0.026335
0 0.416136 0.568275 0.045219 0.026335
0 0.265274 0.533624 0.021050 0.015246
0 0.319460 0.535010 0.015593 0.015246
0 0.337002 0.539861 0.021050 0.013860
0 0.291393 0.535010 0.020271 0.012474
0 0.151446 0.559266 0.041321 0.022177
0 0.216209 0.569212 0.055460 0.033753
0 0.949209 0.609163 0.033153 0.041581
0 0.983328 0.618865 0.031965 0.044353
0 0.380662 0.573126 0.049897 0.030493
0 0.517100 0.578670 0.048338 0.030493
0 0.600912 0.581442 0.050677 0.033265
0 0.770192 0.599807 0.043855 0.040888
0 0.911013 0.599924 0.042496 0.040373
0 0.213520 0.532107 0.025261 0.016331
0 0.154193 0.530746 0.013779 0.016331
0 0.142711 0.532787 0.007655 0.014970
