0 0.018928 0.676041 0.036272 0.112327
0 0.866644 0.725964 0.264436 0.295378
0 0.082112 0.651079 0.108817 0.083205
0 0.164017 0.637558 0.080735 0.076965
0 0.717460 0.678121 0.134558 0.158089
0 0.663052 0.645879 0.091265 0.126888
0 0.618004 0.627158 0.050313 0.081125
0 0.593433 0.614677 0.040952 0.068644
0 0.578222 0.611557 0.038612 0.066564
0 0.563011 0.607396 0.033932 0.066564
0 0.237731 0.627158 0.066694 0.052003
0 0.273419 0.615717 0.039782 0.066564
0 0.320221 0.609477 0.037442 0.054083
0 0.495147 0.608436 0.043293 0.064484
0 0.544375 0.606356 0.025742 0.041602
0 0.374305 0.610309 0.024571 0.029122
0 0.390686 0.608228 0.012871 0.024961
0 0.399462 0.612389 0.009361 0.020801
0 0.405897 0.613429 0.015211 0.018721
0 0.413503 0.614469 0.016381 0.012481
0 0.457380 0.622789 0.024571 0.029122
