0 0.937765 0.797176 0.122826 0.256483
0 0.801292 0.731323 0.077985 0.090116
0 0.761325 0.714859 0.025345 0.060655
0 0.750602 0.702728 0.046791 0.064121
0 0.707223 0.681932 0.022421 0.029461
0 0.044354 0.707061 0.088708 0.162901
0 0.152070 0.708794 0.144272 0.135173
0 0.248576 0.701862 0.058488 0.086650
1 0.348981 0.705328 0.204710 0.197561
0 0.661895 0.696663 0.056539 0.083184
1 0.575137 0.657670 0.052640 0.088383
1 0.536632 0.650738 0.036068 0.081451
0 0.482042 0.676733 0.034118 0.039859
0 0.500076 0.671534 0.009748 0.032927
0 0.512749 0.672401 0.015597 0.034660
