4 0.246626 0.298421 0.013647 0.048524
0 0.128675 0.267227 0.058488 0.055456
0 0.410882 0.262895 0.014622 0.025995
0 0.496665 0.262028 0.010723 0.024262
0 0.476681 0.265494 0.023395 0.051990
0 0.392360 0.258562 0.012673 0.031194
1 0.369452 0.247298 0.033143 0.057189
0 0.361654 0.265494 0.025345 0.038126
0 0.516648 0.288890 0.054589 0.071053
0 0.438664 0.298421 0.062388 0.090116
0 0.301703 0.271560 0.053614 0.123042
0 0.820788 0.326149 0.035093 0.121309
0 0.737442 0.332215 0.154994 0.181964
0 0.937765 0.372940 0.122826 0.201027
0 0.048740 0.249897 0.093582 0.336200
0 0.402893 0.238277 0.013603 0.021338
