0 0.219029 0.599296 0.023730 0.044531
0 0.307359 0.582890 0.010547 0.025781
0 0.298130 0.581718 0.010547 0.023437
0 0.285606 0.587578 0.019775 0.039844
0 0.275059 0.586406 0.014502 0.037500
0 0.264512 0.591093 0.017139 0.042187
0 0.409532 0.592265 0.022412 0.044531
0 0.443150 0.607500 0.039551 0.060937
0 0.451719 0.618046 0.022412 0.063281
0 0.484678 0.615703 0.064600 0.128906
0 0.319224 0.571171 0.013184 0.025781
1 0.318565 0.560625 0.017139 0.018750
0 0.176841 0.608671 0.063281 0.082031
0 0.077964 0.625078 0.118652 0.142969
0 0.242100 0.596953 0.030322 0.049219
0 0.364707 0.648515 0.114697 0.157031
1 0.336363 0.561796 0.015820 0.025781
0 0.561143 0.641484 0.156885 0.185156
0 0.027867 0.652031 0.055371 0.150000
0 0.824155 0.756328 0.350683 0.410156
