0 0.343113 0.376531 0.038227 0.044082
0 0.308822 0.417463 0.057669 0.085539
0 0.274821 0.364592 0.101250 0.060612
0 0.544787 0.323265 0.017564 0.029388
0 0.535488 0.314082 0.011365 0.022041
0 0.546853 0.338877 0.011365 0.027551
0 0.430622 0.326939 0.018597 0.025714
0 0.393429 0.352653 0.033061 0.040408
0 0.415125 0.337041 0.018597 0.016531
0 0.441471 0.326939 0.011365 0.025714
0 0.450252 0.321429 0.012398 0.018367
0 0.497468 0.322806 0.011365 0.012857
0 0.561524 0.339337 0.025829 0.042245
0 0.526397 0.369643 0.046492 0.066122
0 0.439611 0.388928 0.067156 0.093673
0 0.168090 0.526074 0.334489 0.354791
