0 0.098943 0.486104 0.195936 0.185430
0 0.330947 0.439313 0.112103 0.123042
0 0.370427 0.441046 0.060438 0.067587
0 0.405089 0.440180 0.034006 0.027728
0 0.167667 0.422850 0.035093 0.034660
0 0.674567 0.451444 0.089682 0.102247
0 0.928992 0.454044 0.140372 0.097048
0 0.528833 0.459243 0.022421 0.031194
0 0.567826 0.458376 0.020471 0.032927
0 0.495690 0.458376 0.018521 0.032927
0 0.620953 0.457510 0.015597 0.027728
0 0.588297 0.456643 0.014622 0.022529
0 0.544918 0.456643 0.005849 0.019063
0 0.429038 0.445147 0.014041 0.024961
