0 0.017932 0.598662 0.035864 0.069513
0 0.086151 0.586293 0.086541 0.069302
0 0.176590 0.565503 0.055355 0.047125
0 0.173081 0.551642 0.051457 0.047125
0 0.212843 0.561345 0.015593 0.038809
0 0.238572 0.553029 0.046779 0.044353
0 0.268978 0.539861 0.021830 0.031879
0 0.388091 0.590372 0.053360 0.083004
0 0.387094 0.551642 0.025728 0.024949
0 0.387874 0.535010 0.022610 0.019405
0 0.407365 0.537782 0.014813 0.022177
0 0.503624 0.574496 0.045165 0.067883
0 0.463499 0.552336 0.025728 0.026335
0 0.456093 0.540554 0.026508 0.030493
0 0.442839 0.541247 0.017152 0.020791
0 0.431924 0.536396 0.020271 0.024949
0 0.579731 0.611038 0.117597 0.135423
0 0.634242 0.578670 0.061592 0.092864
0 0.682190 0.568968 0.068609 0.087320
0 0.883728 0.643121 0.229995 0.182957
0 0.781692 0.572433 0.078550 0.055441
1 0.558744 0.507862 0.094080 0.084788
0 0.445957 0.699948 0.201149 0.313244
0 0.281651 0.308437 0.040869 0.018750
0 0.080601 0.335390 0.039551 0.016406
