0 0.341183 0.558370 0.015597 0.013864
0 0.324611 0.559236 0.015597 0.015597
0 0.202760 0.560969 0.068237 0.043325
0 0.292930 0.567035 0.012673 0.020796
0 0.243702 0.565302 0.015597 0.024262
0 0.440906 0.580899 0.018911 0.033273
0 0.466738 0.575700 0.026905 0.033273
0 0.499199 0.574660 0.026320 0.027728
0 0.523082 0.577260 0.019496 0.022529
0 0.537217 0.575527 0.020471 0.025995
0 0.594795 0.575353 0.020471 0.017330
0 0.117952 0.593550 0.212508 0.126508
0 0.027955 0.545892 0.052640 0.086650
0 0.383247 0.575725 0.104254 0.070062
0 0.897321 0.600482 0.077010 0.077985
0 0.269924 0.569634 0.038018 0.032927
0 0.315838 0.572407 0.031194 0.029461
0 0.566266 0.583498 0.039967 0.032927
0 0.700302 0.580899 0.046791 0.031194
0 0.750992 0.587831 0.042892 0.034660
0 0.801585 0.589044 0.016572 0.022529
0 0.818644 0.589044 0.017547 0.022529
