0 0.375414 0.560796 0.017152 0.025873
0 0.398543 0.571013 0.045739 0.049793
0 0.299009 0.570961 0.016113 0.049897
0 0.332533 0.554790 0.063411 0.076694
2 0.247292 0.520601 0.113309 0.133984
0 0.223903 0.573527 0.128901 0.125667
1 0.136063 0.529380 0.060293 0.107187
1 0.067194 0.550632 0.061852 0.083162
0 0.024371 0.557562 0.048742 0.117351
1 0.574503 0.378276 0.352073 0.756515
0 0.386715 0.527174 0.011435 0.010164
4 0.759387 0.608969 0.081083 0.088706
4 0.701694 0.598342 0.015593 0.054517
4 0.680643 0.594646 0.026508 0.047125
4 0.670508 0.601114 0.015593 0.054517
