0 0.330362 0.507767 0.010723 0.017330
0 0.349371 0.514699 0.011698 0.017330
0 0.367405 0.519898 0.016572 0.017330
0 0.387876 0.529429 0.016572 0.025995
0 0.377153 0.537227 0.016572 0.020796
0 0.365455 0.545026 0.018521 0.036393
0 0.353758 0.555424 0.036068 0.046791
0 0.432230 0.572754 0.079934 0.112644
0 0.452701 0.500835 0.011698 0.010398
0 0.463911 0.500835 0.014622 0.017330
0 0.488281 0.502568 0.012673 0.013864
0 0.503391 0.504301 0.015597 0.010398
0 0.513139 0.505167 0.011698 0.015597
0 0.522887 0.507767 0.013647 0.017330
0 0.532635 0.505167 0.011698 0.015597
0 0.537996 0.483505 0.006824 0.017330
0 0.715899 0.535494 0.027295 0.017330
0 0.226545 0.471374 0.007798 0.017330
0 0.230932 0.473107 0.008773 0.013864
0 0.435424 0.495636 0.017547 0.020796
0 0.886760 0.540693 0.033143 0.020796
