0 0.421604 0.470507 0.014622 0.022529
0 0.410882 0.471374 0.016572 0.031194
0 0.394310 0.476573 0.030219 0.051990
0 0.355805 0.498235 0.050690 0.077985
0 0.441101 0.469641 0.014622 0.017330
0 0.478826 0.471720 0.009748 0.024262
0 0.486624 0.471720 0.007798 0.024262
0 0.493935 0.476053 0.008773 0.029461
0 0.510507 0.481252 0.030219 0.036393
0 0.546087 0.489917 0.050690 0.057189
0 0.585567 0.508113 0.034118 0.069320
0 0.627971 0.517645 0.052640 0.109178
0 0.699327 0.533242 0.155969 0.154236
0 0.104304 0.607414 0.208609 0.344865
0 0.872356 0.581419 0.252475 0.258216
0 0.294392 0.502568 0.079934 0.124775
0 0.457575 0.478306 0.031194 0.034660
