0 0.508037 0.440095 0.010091 0.015698
0 0.501730 0.444580 0.012614 0.020183
0 0.495422 0.445702 0.015137 0.022425
0 0.484700 0.435610 0.011353 0.015698
0 0.465148 0.452429 0.020183 0.040365
0 0.517497 0.438974 0.011353 0.017940
0 0.526958 0.435610 0.015137 0.024668
0 0.398924 0.459157 0.023967 0.049336
0 0.375588 0.462520 0.035320 0.056063
0 0.346575 0.467005 0.045411 0.069518
0 0.292334 0.423276 0.055502 0.026910
0 0.216649 0.499522 0.025228 0.080731
0 0.285396 0.499522 0.129926 0.143521
0 0.034689 0.512977 0.069378 0.107641
0 0.122358 0.506810 0.176599 0.168189
0 0.432667 0.479003 0.068117 0.103156
