0 0.355408 0.541837 0.017564 0.047755
0 0.326996 0.549184 0.047526 0.062449
0 0.267589 0.549184 0.083686 0.106531
0 0.253125 0.586837 0.098150 0.126735
0 0.144643 0.604286 0.184936 0.231429
0 0.409133 0.541837 0.015497 0.040408
0 0.422047 0.542755 0.016531 0.034898
0 0.438061 0.550102 0.021696 0.031224
0 0.458208 0.551020 0.026862 0.051429
0 0.476805 0.559286 0.037194 0.071633
0 0.504700 0.561122 0.035128 0.082653
0 0.539828 0.567551 0.059923 0.099184
0 0.619381 0.594184 0.138444 0.126735
0 0.070772 0.663061 0.138444 0.341633
0 0.914866 0.695204 0.169439 0.218571
0 0.385370 0.542755 0.019630 0.031224
