0 0.450761 0.458881 0.010559 0.017207
0 0.427443 0.462009 0.007919 0.014079
0 0.420844 0.460445 0.012319 0.017207
0 0.401486 0.458099 0.019358 0.021900
0 0.377288 0.458881 0.023758 0.026593
0 0.354850 0.457316 0.022878 0.026593
0 0.478479 0.461227 0.030797 0.025029
1 0.505317 0.450277 0.035197 0.034415
0 0.534794 0.452624 0.029038 0.035979
0 0.619267 0.474524 0.060715 0.107937
0 0.713859 0.476870 0.167186 0.168946
0 0.116830 0.441673 0.048396 0.026593
0 0.068434 0.444802 0.034317 0.029722
0 0.031917 0.451841 0.063355 0.028158
0 0.015519 0.418991 0.031037 0.056315
0 0.229900 0.472960 0.186544 0.229954
