0 0.548329 0.408986 0.008773 0.020796
0 0.560027 0.408986 0.008773 0.020796
0 0.569288 0.408986 0.011698 0.020796
0 0.591221 0.416785 0.008773 0.015597
1 0.495690 0.400321 0.053614 0.114377
0 0.455235 0.430648 0.083833 0.091849
0 0.603893 0.432381 0.022421 0.043325
0 0.711122 0.448845 0.039967 0.051990
0 0.775947 0.450578 0.019496 0.020796
0 0.796905 0.459243 0.026320 0.027728
0 0.935816 0.483505 0.035093 0.055456
0 0.536144 0.422850 0.015597 0.027728
0 0.635575 0.424583 0.033143 0.038126
0 0.581960 0.410719 0.013647 0.024262
1 0.334359 0.395989 0.074085 0.129974
