0 0.509108 0.503021 0.015295 0.032628
0 0.498020 0.503021 0.016059 0.043505
0 0.481960 0.504381 0.020648 0.051662
0 0.468960 0.510498 0.028295 0.069335
0 0.445253 0.513217 0.040531 0.091088
0 0.402046 0.524094 0.088708 0.120997
0 0.286955 0.542447 0.196535 0.209366
0 0.568193 0.500302 0.008412 0.023112
0 0.594194 0.509139 0.023707 0.040785
1 0.590370 0.479230 0.037472 0.087009
0 0.615112 0.521828 0.044354 0.055740
0 0.539817 0.469740 0.035177 0.028550
0 0.539817 0.519362 0.059649 0.092447
0 0.099716 0.618607 0.196535 0.467674
