0 0.077010 0.464788 0.154020 0.350064
0 0.132574 0.402401 0.058488 0.065854
0 0.175465 0.396335 0.035093 0.064121
0 0.202760 0.393736 0.019496 0.051990
0 0.230542 0.391136 0.039967 0.050257
0 0.276358 0.385937 0.041917 0.046791
0 0.325586 0.398068 0.031194 0.050257
0 0.379200 0.424063 0.091632 0.126508
0 0.547842 0.411932 0.058488 0.084917
0 0.510799 0.407600 0.023395 0.055456
0 0.492278 0.404134 0.031194 0.045058
1 0.500564 0.363408 0.053614 0.046791
0 0.432815 0.396335 0.017547 0.019063
1 0.395285 0.339146 0.053614 0.077985
