0 0.414090 0.515758 0.010797 0.019194
0 0.405092 0.520023 0.011996 0.023460
0 0.398494 0.523222 0.015595 0.029858
0 0.387098 0.529620 0.016795 0.034123
0 0.372702 0.539218 0.023993 0.040521
0 0.363105 0.550947 0.021594 0.034123
0 0.349909 0.560545 0.023993 0.044787
0 0.322917 0.572274 0.056383 0.072512
0 0.441082 0.509360 0.014396 0.019194
0 0.456677 0.509360 0.011996 0.019194
0 0.466274 0.512559 0.011996 0.025592
0 0.475871 0.516824 0.016795 0.029858
0 0.481869 0.525355 0.016795 0.034123
0 0.490867 0.528554 0.017995 0.036256
0 0.501664 0.538151 0.025193 0.042654
0 0.436883 0.550947 0.041988 0.076777
0 0.121570 0.618128 0.243140 0.232464
0 0.985662 0.523222 0.028676 0.089573
