0 0.146828 0.482288 0.078002 0.075453
0 0.244331 0.481949 0.064237 0.044864
1 0.339539 0.482968 0.020648 0.042825
0 0.420409 0.474131 0.012618 0.014275
0 0.406071 0.474811 0.011471 0.018353
0 0.395173 0.477870 0.014912 0.020393
0 0.384849 0.478890 0.014912 0.022432
0 0.371371 0.476850 0.015486 0.026511
0 0.361334 0.477870 0.029824 0.040785
0 0.450616 0.472432 0.008030 0.020393
0 0.529192 0.481609 0.050472 0.075453
0 0.584826 0.502001 0.092914 0.099924
0 0.481587 0.476171 0.019501 0.022432
0 0.309141 0.486367 0.053913 0.067296
0 0.467440 0.474131 0.010324 0.018353
0 0.410085 0.401057 0.005735 0.016314
0 0.181814 0.480249 0.033266 0.061178
0 0.437042 0.470053 0.012618 0.016314
