0 0.460063 0.398312 0.063418 0.133333
0 0.318987 0.363713 0.019937 0.027004
0 0.298576 0.367088 0.022785 0.037131
0 0.271044 0.371308 0.030380 0.045570
0 0.236867 0.368776 0.039873 0.060759
0 0.204589 0.378903 0.037975 0.067511
0 0.171361 0.387342 0.049367 0.077637
0 0.124367 0.400844 0.069304 0.101266
0 0.054114 0.413221 0.108228 0.133333
0 0.531190 0.408386 0.134810 0.167089
0 0.816550 0.558964 0.363228 0.555657
0 0.404145 0.375190 0.010443 0.065823
0 0.411740 0.379409 0.014241 0.070886
0 0.423133 0.379409 0.023734 0.084388
0 0.430253 0.385316 0.026582 0.086076
0 0.379937 0.364219 0.022785 0.037131
