0 0.449048 0.522992 0.020330 0.025512
0 0.434697 0.527244 0.015546 0.025512
0 0.416759 0.530433 0.022721 0.031890
0 0.397028 0.531496 0.031093 0.046772
0 0.371317 0.541063 0.037072 0.057402
0 0.349193 0.549567 0.031093 0.057402
0 0.508841 0.524055 0.013155 0.023386
0 0.515418 0.531496 0.014350 0.029764
0 0.529171 0.536811 0.015546 0.031890
0 0.545913 0.536811 0.025113 0.061654
0 0.562057 0.540000 0.038268 0.063780
0 0.568037 0.555945 0.028701 0.065906
0 0.584779 0.551693 0.033484 0.095669
0 0.640984 0.553819 0.117195 0.172205
0 0.697788 0.602717 0.113607 0.163701
0 0.306740 0.564449 0.069360 0.080787
0 0.851457 0.656929 0.292987 0.359291
