0 0.277944 0.441453 0.011695 0.009702
0 0.297279 0.450462 0.020739 0.019405
0 0.327919 0.432443 0.007796 0.011088
0 0.340783 0.434522 0.016373 0.023563
0 0.410951 0.435908 0.014813 0.056827
0 0.419917 0.428285 0.015593 0.027721
0 0.235921 0.460857 0.038982 0.042967
0 0.165675 0.486499 0.102134 0.108111
0 0.379298 0.440760 0.064711 0.124743
0 0.438161 0.435908 0.028067 0.034651
0 0.468177 0.429671 0.017932 0.022177
0 0.318875 0.444918 0.026508 0.033265
0 0.022220 0.510061 0.044440 0.105339
0 0.825170 0.419145 0.141451 0.122727
0 0.960250 0.431626 0.074884 0.160170
