0 0.532663 0.470455 0.016008 0.016008
0 0.529161 0.490020 0.025012 0.033794
0 0.561678 0.490020 0.034017 0.044466
0 0.622207 0.511364 0.039019 0.055138
0 0.664728 0.513142 0.054027 0.058696
0 0.713252 0.521146 0.061030 0.064032
2 0.801696 0.459783 0.107053 0.218775
0 0.978725 0.584690 0.041137 0.109301
0 0.307552 0.487352 0.030015 0.035573
0 0.270534 0.497135 0.018009 0.016008
0 0.251524 0.500692 0.018009 0.016008
0 0.207002 0.497135 0.017008 0.019565
0 0.181490 0.502470 0.022011 0.023123
0 0.148473 0.506917 0.032016 0.032016
0 0.104452 0.500692 0.056028 0.055138
0 0.041420 0.502470 0.058029 0.062253
0 0.375730 0.481416 0.024357 0.015283
0 0.405818 0.475048 0.021492 0.017830
0 0.427310 0.476321 0.015761 0.015283
