0 0.366681 0.472530 0.019009 0.028459
0 0.390193 0.466304 0.028014 0.037352
0 0.346671 0.480534 0.021010 0.044466
0 0.333665 0.482312 0.019009 0.048024
0 0.311654 0.485870 0.043021 0.058696
0 0.280639 0.494763 0.043021 0.069368
0 0.249623 0.500099 0.039019 0.094269
0 0.180589 0.507214 0.123061 0.144071
2 0.472400 0.423320 0.037018 0.046245
2 0.517923 0.427767 0.064032 0.112055
0 0.521925 0.474901 0.056028 0.092490
2 0.660827 0.389526 0.251124 0.316601
0 0.830038 0.528261 0.339924 0.369961
0 0.447786 0.525925 0.119690 0.180308
0 0.075807 0.554976 0.149113 0.167263
