0 0.457035 0.595325 0.030214 0.034019
0 0.419268 0.594430 0.025178 0.028647
0 0.394090 0.599801 0.011078 0.025066
0 0.382004 0.599801 0.017121 0.032228
0 0.357833 0.606963 0.027192 0.035809
0 0.331648 0.612334 0.031221 0.042971
0 0.301937 0.624868 0.050356 0.068037
0 0.035048 0.707228 0.068485 0.132493
0 0.486745 0.585478 0.013093 0.017905
1 0.510916 0.577421 0.029207 0.055504
0 0.514441 0.595325 0.026185 0.030438
0 0.554727 0.604277 0.060428 0.073409
0 0.696228 0.648143 0.158119 0.157560
0 0.869958 0.576525 0.118841 0.100265
