0 0.020937 0.718118 0.040727 0.110707
0 0.169196 0.704569 0.071120 0.071375
0 0.231139 0.720884 0.084885 0.112160
0 0.283905 0.728021 0.034413 0.073414
0 0.315450 0.718407 0.033266 0.064091
0 0.891878 0.876516 0.212184 0.237559
0 0.914806 0.753658 0.164034 0.122356
0 0.405726 0.707017 0.017206 0.022432
0 0.381982 0.704977 0.013765 0.022432
0 0.371658 0.709056 0.018353 0.022432
0 0.355599 0.715174 0.025236 0.034668
0 0.426030 0.704977 0.011471 0.018353
0 0.451266 0.704977 0.018353 0.022432
0 0.465834 0.717213 0.024089 0.034668
0 0.480746 0.724350 0.019501 0.053021
0 0.501967 0.731488 0.036707 0.063218
0 0.515159 0.741684 0.033266 0.063218
0 0.536380 0.750861 0.034413 0.073414
0 0.598553 0.749841 0.117003 0.157024
0 0.676555 0.801480 0.172064 0.180183
