0 0.328546 0.510918 0.008265 0.012857
0 0.319247 0.509082 0.014464 0.016531
0 0.299101 0.504918 0.015497 0.027551
0 0.289286 0.503082 0.016531 0.034898
0 0.275338 0.504918 0.025829 0.038571
0 0.257774 0.508592 0.019630 0.042245
0 0.246926 0.510428 0.022730 0.042245
0 0.438578 0.501245 0.013431 0.020204
0 0.447876 0.508592 0.021696 0.045918
0 0.468539 0.518694 0.054758 0.088163
0 0.500567 0.528061 0.073355 0.099184
0 0.217997 0.513061 0.045459 0.055102
0 0.360057 0.498673 0.017564 0.034898
0 0.397768 0.543673 0.097117 0.150612
0 0.765903 0.627939 0.317181 0.288367
