0 0.840451 0.550829 0.316566 0.474371
0 0.652433 0.436062 0.103290 0.122418
0 0.546274 0.436062 0.114767 0.142821
0 0.474058 0.407675 0.044934 0.072446
3 0.422899 0.442013 0.015302 0.035705
0 0.388078 0.403011 0.041299 0.066519
0 0.365994 0.374853 0.025823 0.034005
0 0.385600 0.363801 0.019128 0.025504
0 0.403771 0.366351 0.015302 0.027204
0 0.416683 0.357000 0.012433 0.018703
0 0.391338 0.339997 0.017215 0.018703
0 0.408075 0.323845 0.012433 0.017003
0 0.435332 0.372302 0.021041 0.035705
0 0.439158 0.349349 0.011477 0.017003
0 0.451591 0.349349 0.015302 0.017003
0 0.463546 0.369752 0.014346 0.020403
0 0.452069 0.368052 0.010520 0.020403
4 0.111115 0.457315 0.080337 0.076511
