0 0.399429 0.554202 0.012855 0.014692
0 0.386574 0.554202 0.014692 0.024486
0 0.368210 0.555018 0.023874 0.026119
0 0.344336 0.561548 0.022037 0.019589
0 0.324594 0.564813 0.015610 0.026119
0 0.304852 0.563996 0.023874 0.037545
0 0.282814 0.565629 0.027547 0.040810
0 0.257104 0.572158 0.023874 0.027751
0 0.522472 0.551753 0.009182 0.026119
0 0.531654 0.554202 0.012855 0.027751
0 0.543132 0.551753 0.013773 0.039178
0 0.554151 0.553386 0.030302 0.042443
0 0.574352 0.568077 0.039484 0.065296
0 0.589962 0.571342 0.043157 0.075091
0 0.623018 0.578688 0.074377 0.096312
0 0.716677 0.590115 0.167118 0.197521
0 0.867514 0.674216 0.259859 0.319952
0 0.439882 0.551872 0.028465 0.060399
0 0.461002 0.557586 0.024792 0.045707
0 0.488549 0.574726 0.065194 0.093047
0 0.231153 0.574117 0.044075 0.050605
0 0.962551 0.764814 0.071622 0.383615
0 0.095743 0.628508 0.189155 0.528900
0 0.416465 0.543971 0.019357 0.029118
