0 0.463034 0.383569 0.011698 0.017330
0 0.451823 0.385302 0.012673 0.017330
0 0.437201 0.386168 0.016572 0.019063
0 0.420630 0.391367 0.018521 0.019063
0 0.405033 0.395700 0.016572 0.020796
0 0.374001 0.390501 0.021446 0.027728
0 0.356942 0.408697 0.014622 0.043325
0 0.344757 0.405231 0.011698 0.039859
0 0.312751 0.404365 0.058164 0.072786
0 0.256862 0.414763 0.077010 0.093582
0 0.179487 0.435890 0.093336 0.127579
0 0.522822 0.382702 0.011698 0.022529
0 0.537444 0.378370 0.015597 0.038126
0 0.550604 0.386168 0.020471 0.043325
0 0.567176 0.397433 0.018521 0.038126
0 0.590571 0.407831 0.030219 0.051990
0 0.642267 0.408697 0.066673 0.109178
1 0.825890 0.302407 0.344646 0.597882
1 0.520447 0.363979 0.019068 0.041490
1 0.618773 0.313338 0.076546 0.092784
