0 0.041735 0.581486 0.081293 0.377456
0 0.163196 0.516027 0.207537 0.226134
4 0.191888 0.694553 0.096596 0.249937
0 0.283251 0.494490 0.109985 0.181927
0 0.332506 0.470687 0.024866 0.079912
0 0.379369 0.491090 0.091814 0.100315
0 0.430058 0.446033 0.047820 0.017003
0 0.475965 0.548048 0.162587 0.221033
0 0.505134 0.444616 0.023910 0.015302
1 0.567300 0.465869 0.079381 0.040806
0 0.545303 0.477488 0.027735 0.035705
0 0.568256 0.480321 0.018171 0.032305
0 0.582124 0.482872 0.026779 0.037406
0 0.596470 0.493923 0.034430 0.039106
0 0.622930 0.500724 0.035705 0.039106
1 0.701832 0.467570 0.124012 0.180227
0 0.737378 0.568735 0.227621 0.263539
0 0.857406 0.561934 0.037299 0.103715
0 0.932482 0.609541 0.133895 0.297544
0 0.630741 0.466719 0.014346 0.015302
0 0.434202 0.430164 0.026779 0.023804
