0 0.167395 0.705270 0.313539 0.356193
0 0.023666 0.703911 0.047332 0.176737
0 0.326594 0.632661 0.037472 0.050302
0 0.350300 0.627902 0.019118 0.032628
0 0.364448 0.623144 0.016824 0.028550
0 0.463644 0.622464 0.012236 0.013595
0 0.435731 0.624504 0.008412 0.017674
0 0.476644 0.624504 0.009177 0.014955
0 0.642372 0.608384 0.021412 0.028550
0 0.741404 0.604305 0.049707 0.050302
0 0.787288 0.599547 0.054296 0.057100
0 0.812524 0.590030 0.026765 0.048943
0 0.843495 0.589350 0.059649 0.061178
0 0.901574 0.600067 0.105613 0.085331
0 0.974860 0.617061 0.049117 0.086690
