0 0.237625 0.551560 0.042252 0.044864
0 0.192410 0.551624 0.045884 0.046903
0 0.140791 0.549585 0.052766 0.059139
0 0.073686 0.552643 0.076855 0.065257
0 0.015909 0.557742 0.031817 0.099924
0 0.701389 0.526643 0.036592 0.058119
0 0.748994 0.536839 0.058387 0.084630
0 0.780481 0.545506 0.073414 0.099924
0 0.600388 0.512878 0.016059 0.022432
0 0.862231 0.562160 0.139945 0.134592
0 0.955893 0.577885 0.086032 0.244713
0 0.522582 0.511275 0.013765 0.020393
0 0.610335 0.525550 0.021795 0.032628
0 0.462360 0.500059 0.030971 0.038746
0 0.327577 0.527590 0.045884 0.044864
0 0.580511 0.488843 0.012618 0.020393
