0 0.429331 0.474592 0.020648 0.030589
0 0.410978 0.477651 0.027530 0.040786
0 0.394632 0.482239 0.022368 0.045884
0 0.377425 0.483259 0.040722 0.058119
0 0.342152 0.492435 0.047031 0.054041
0 0.294835 0.506710 0.057928 0.068316
0 0.228590 0.520985 0.082591 0.098905
0 0.499928 0.474402 0.014339 0.025491
0 0.505377 0.487148 0.017206 0.036707
0 0.530039 0.496834 0.044737 0.056080
0 0.717589 0.503462 0.042442 0.038746
0 0.852086 0.502952 0.045310 0.043844
0 0.105689 0.551138 0.170917 0.175378
0 0.566534 0.519529 0.060222 0.091767
0 0.884278 0.561334 0.090047 0.091767
