0 0.093904 0.592778 0.186997 0.480189
0 0.154632 0.416081 0.031166 0.040489
0 0.112078 0.416614 0.023974 0.030900
0 0.251801 0.456951 0.108482 0.129992
0 0.402837 0.476663 0.168417 0.278098
0 0.325222 0.435108 0.014384 0.056472
0 0.839960 0.488648 0.275700 0.261050
0 0.558593 0.448579 0.052143 0.070324
0 0.488469 0.433129 0.019779 0.035162
0 0.499258 0.442186 0.016182 0.042620
0 0.511245 0.438457 0.013785 0.050079
0 0.525929 0.441653 0.034762 0.058603
0 0.531023 0.446981 0.019779 0.054341
0 0.972683 0.561736 0.052143 0.268508
