0 0.018311 0.490885 0.036622 0.061178
0 0.963642 0.499042 0.070355 0.082931
0 0.215489 0.463498 0.008412 0.012236
0 0.200577 0.462139 0.009177 0.012236
0 0.192930 0.463498 0.010706 0.006798
0 0.187577 0.474374 0.009177 0.020393
0 0.177253 0.476413 0.014530 0.024471
0 0.164635 0.481172 0.018353 0.025831
0 0.200960 0.478453 0.016059 0.023112
0 0.211666 0.490688 0.016059 0.020393
0 0.575713 0.528172 0.014530 0.036707
0 0.550477 0.522734 0.046648 0.058459
0 0.504211 0.514577 0.052002 0.110121
0 0.420473 0.529532 0.055825 0.093807
2 0.251978 0.463595 0.064237 0.100604
