1 0.186976 0.409554 0.158299 0.181495
1 0.303788 0.421790 0.061561 0.099924
1 0.360952 0.418731 0.057355 0.097885
1 0.477955 0.428927 0.036707 0.089728
1 0.405688 0.440143 0.025236 0.038746
1 0.578134 0.439124 0.082591 0.159063
0 0.453101 0.442183 0.011471 0.014275
0 0.437042 0.439124 0.032119 0.044864
0 0.500706 0.451359 0.010324 0.032628
0 0.504721 0.452379 0.018353 0.034668
0 0.521927 0.453399 0.032119 0.048943
0 0.260963 0.448980 0.076855 0.091767
0 0.432263 0.451020 0.026383 0.034668
0 0.962410 0.508653 0.073414 0.122356
