0 0.586092 0.473298 0.015024 0.026709
0 0.572434 0.484224 0.017755 0.038849
0 0.546484 0.483010 0.020487 0.026709
1 0.523266 0.472084 0.028681 0.043705
0 0.630480 0.483010 0.021853 0.036421
0 0.405808 0.493937 0.012292 0.063130
0 0.397614 0.493937 0.015024 0.043705
0 0.385322 0.483010 0.017755 0.041277
0 0.437904 0.500007 0.062826 0.084982
0 0.329325 0.518217 0.132481 0.165108
0 0.187966 0.508505 0.049168 0.121403
0 0.084849 0.513361 0.167991 0.267087
0 0.717207 0.486652 0.023218 0.048561
0 0.730865 0.492723 0.036876 0.055845
0 0.749986 0.502435 0.042339 0.050989
0 0.821007 0.510933 0.066923 0.082554
0 0.874272 0.520645 0.094239 0.087410
0 0.945976 0.536428 0.106531 0.109263
