0 0.528646 0.492861 0.010042 0.019128
0 0.485513 0.493626 0.009851 0.016747
0 0.474371 0.494348 0.021997 0.035705
0 0.454525 0.495411 0.012911 0.033580
0 0.447113 0.497749 0.019128 0.028904
0 0.425116 0.502850 0.028692 0.042506
0 0.557098 0.489248 0.024866 0.039106
0 0.566423 0.510501 0.039212 0.074811
0 0.716338 0.547056 0.032517 0.052708
0 0.696732 0.565759 0.031561 0.086713
0 0.791415 0.536005 0.077468 0.051008
0 0.839234 0.538555 0.092770 0.042506
0 0.852145 0.581912 0.109029 0.105416
0 0.923158 0.631856 0.153023 0.229959
0 0.290265 0.522828 0.071729 0.100315
0 0.384470 0.521978 0.076511 0.095214
0 0.150632 0.601039 0.299351 0.392758
0 0.624644 0.547056 0.113093 0.182777
0 0.515017 0.506675 0.025823 0.035705
4 0.339519 0.516877 0.013389 0.047607
0 0.233055 0.382504 0.008608 0.022103
1 0.353319 0.462590 0.117773 0.097886
0 0.497802 0.493923 0.008608 0.020403
