0 0.399029 0.232849 0.010091 0.015698
0 0.404075 0.241819 0.010091 0.020183
0 0.445702 0.285548 0.045411 0.076246
0 0.379477 0.231727 0.013876 0.013455
0 0.375062 0.239576 0.015137 0.015698
0 0.363709 0.244435 0.012614 0.017940
0 0.358033 0.253405 0.011353 0.017940
0 0.349834 0.276952 0.012614 0.029153
0 0.337219 0.278073 0.015137 0.022425
0 0.327759 0.282558 0.016398 0.026910
0 0.269103 0.283679 0.017660 0.029153
0 0.264057 0.302741 0.020183 0.044850
0 0.320190 0.287043 0.018921 0.031395
0 0.240090 0.299377 0.032797 0.056063
0 0.210447 0.301619 0.036581 0.065033
0 0.177650 0.306104 0.059287 0.074003
0 0.127824 0.316196 0.070639 0.089701
0 0.057184 0.324045 0.103436 0.114369
0 0.453270 0.302741 0.030274 0.071761
0 0.474083 0.309468 0.044150 0.067276
0 0.491113 0.322923 0.035320 0.076246
0 0.508772 0.327408 0.037843 0.094186
0 0.552922 0.325166 0.093345 0.134551
0 0.626084 0.362168 0.158939 0.177159
0 0.391460 0.318438 0.098391 0.148007
0 0.295593 0.297134 0.052980 0.074003
0 0.007148 0.324045 0.014296 0.127824
