0 0.476675 0.374816 0.013918 0.022680
0 0.461598 0.378940 0.013918 0.039175
0 0.447101 0.377909 0.015077 0.053608
0 0.426224 0.380412 0.035954 0.063918
0 0.407668 0.392784 0.042912 0.072165
0 0.389691 0.397938 0.037113 0.090722
0 0.358956 0.422680 0.054510 0.144330
0 0.265593 0.419588 0.160052 0.303093
0 0.125258 0.522239 0.250516 0.552577
0 0.495232 0.387187 0.032474 0.047423
0 0.521327 0.378645 0.017397 0.026804
0 0.546263 0.391016 0.016237 0.035052
0 0.557281 0.397202 0.022036 0.043299
0 0.594394 0.407511 0.054510 0.068041
0 0.633827 0.417820 0.045232 0.101031
0 0.663402 0.441532 0.060309 0.107217
0 0.709794 0.454934 0.083505 0.138144
0 0.846153 0.500295 0.248196 0.249485
0 0.954013 0.567600 0.088144 0.276289
