0 0.214381 0.402551 0.025829 0.024490
0 0.154114 0.401021 0.056824 0.042857
0 0.114078 0.399490 0.071460 0.045918
0 0.367634 0.395663 0.018941 0.038265
0 0.352137 0.401786 0.025829 0.038265
0 0.438234 0.408674 0.018941 0.036735
0 0.494197 0.418623 0.022385 0.038265
0 0.332334 0.402896 0.006888 0.012321
0 0.287994 0.403317 0.052519 0.079592
0 0.464924 0.417857 0.039605 0.061225
0 0.402073 0.420919 0.067156 0.104082
1 0.595791 0.429337 0.084375 0.096429
0 0.947928 0.530612 0.101594 0.217347
0 0.758514 0.533419 0.314254 0.322959
0 0.011869 0.403535 0.023738 0.078061
