0 0.268416 0.496272 0.017569 0.013882
0 0.244503 0.496272 0.016593 0.017352
0 0.222542 0.496272 0.035138 0.027763
0 0.184475 0.496272 0.025378 0.034704
0 0.150801 0.498875 0.051731 0.046851
0 0.307947 0.507551 0.012689 0.022558
0 0.315755 0.509286 0.010737 0.026028
0 0.327956 0.511889 0.027330 0.041645
0 0.497302 0.533579 0.038066 0.057262
0 0.901879 0.570019 0.056611 0.032969
0 0.849172 0.570019 0.062468 0.043380
0 0.812570 0.561343 0.032210 0.032969
0 0.669089 0.544858 0.034162 0.031234
0 0.439715 0.500610 0.040018 0.057262
1 0.377735 0.487596 0.048803 0.093702
0 0.407993 0.523168 0.039042 0.050321
0 0.453868 0.539653 0.062468 0.072879
0 0.347477 0.524903 0.044899 0.060733
0 0.754006 0.593444 0.143481 0.124936
0 0.575645 0.566484 0.167432 0.194531
