0 0.122404 0.483034 0.079524 0.079004
0 0.169183 0.475410 0.021830 0.047125
0 0.187505 0.469866 0.017932 0.036037
0 0.217911 0.474024 0.050677 0.052669
0 0.255334 0.473331 0.025728 0.042967
0 0.279113 0.471252 0.021830 0.030493
0 0.311079 0.474717 0.028067 0.042967
0 0.330570 0.465708 0.020271 0.036037
0 0.345773 0.467094 0.017932 0.022177
0 0.348112 0.449769 0.019491 0.026335
0 0.358637 0.446997 0.020271 0.031879
0 0.365264 0.442839 0.014813 0.029107
0 0.373060 0.437988 0.011695 0.024949
0 0.382026 0.431750 0.010915 0.018018
0 0.642428 0.507289 0.048338 0.044353
0 0.613971 0.499666 0.036643 0.042967
0 0.581226 0.492736 0.030406 0.037423
0 0.561345 0.494815 0.023389 0.030493
0 0.495075 0.476104 0.014034 0.020791
0 0.484939 0.474717 0.014034 0.018018
1 0.477143 0.464322 0.017152 0.033265
0 0.381247 0.468480 0.014034 0.027721
0 0.386314 0.459471 0.016373 0.018018
0 0.389823 0.451848 0.015593 0.019405
1 0.394890 0.435215 0.011695 0.024949
0 0.406195 0.444225 0.010915 0.009702
0 0.408924 0.435908 0.016373 0.009702
0 0.421009 0.444918 0.009356 0.008316
0 0.419449 0.437294 0.006237 0.012474
0 0.531328 0.480262 0.022610 0.040195
0 0.504820 0.480955 0.011695 0.024949
0 0.422568 0.532238 0.107591 0.146920
0 0.819797 0.603619 0.359417 0.447690
