0 0.416123 0.431718 0.030322 0.051562
0 0.522910 0.410625 0.017139 0.028125
0 0.539390 0.418828 0.023730 0.044531
0 0.607285 0.410625 0.017139 0.056250
0 0.633653 0.410625 0.046143 0.070312
0 0.626402 0.425859 0.015820 0.025781
0 0.768784 0.427031 0.145019 0.112500
0 0.111583 0.414140 0.117334 0.049219
0 0.194531 0.433804 0.030106 0.042704
0 0.255284 0.466875 0.127881 0.159375
0 0.477427 0.403593 0.013184 0.023437
0 0.499839 0.408281 0.023730 0.018750
0 0.464903 0.410625 0.019775 0.032812
0 0.576304 0.425859 0.063281 0.091406
0 0.383824 0.441093 0.052734 0.065625
0 0.108196 0.539531 0.216392 0.243750
