0 0.524368 0.619934 0.015987 0.031974
0 0.499389 0.624375 0.029975 0.037303
0 0.473910 0.632368 0.016986 0.035526
0 0.456424 0.635033 0.019984 0.040855
0 0.441437 0.636809 0.017985 0.040855
0 0.283067 0.664342 0.074938 0.085263
3 0.784654 0.679441 0.070942 0.111908
0 0.546850 0.619934 0.020983 0.031974
0 0.580822 0.616382 0.030975 0.042632
0 0.713213 0.639474 0.077936 0.078158
0 0.116304 0.706974 0.232609 0.213158
0 0.903057 0.697204 0.191842 0.332171
0 0.647267 0.611941 0.021982 0.044408
0 0.368996 0.646579 0.102915 0.106579
0 0.617053 0.617812 0.021446 0.025995
