4 0.278259 0.515170 0.010287 0.025322
4 0.125138 0.565111 0.033236 0.066120
4 0.231967 0.547526 0.023740 0.067526
0 0.535067 0.462368 0.016618 0.028136
0 0.520428 0.469402 0.017409 0.019695
0 0.525967 0.455334 0.012661 0.014068
0 0.511723 0.465885 0.009496 0.018288
0 0.533880 0.491207 0.011079 0.029543
0 0.442482 0.468698 0.011870 0.015475
0 0.477696 0.464478 0.055393 0.035170
0 0.560390 0.517233 0.041940 0.092849
0 0.566324 0.463071 0.042732 0.063306
0 0.792687 0.536637 0.168552 0.163749
2 0.637192 0.511738 0.131360 0.203986
0 0.444504 0.689698 0.307825 0.407972
0 0.912811 0.597263 0.173300 0.326377
4 0.137218 0.570354 0.024949 0.048511
