0 0.291726 0.461730 0.010797 0.019194
0 0.304922 0.457464 0.015595 0.019194
0 0.315119 0.460663 0.011996 0.025592
0 0.323516 0.473459 0.019194 0.029858
0 0.234743 0.459597 0.033590 0.019194
0 0.126175 0.469194 0.022793 0.042654
0 0.196954 0.460663 0.025193 0.017062
0 0.082388 0.492654 0.074378 0.068246
0 0.018807 0.508649 0.035989 0.083175
0 0.281529 0.488388 0.040788 0.046919
0 0.387098 0.464929 0.026392 0.021327
0 0.354707 0.486256 0.028791 0.042654
0 0.388297 0.513981 0.055184 0.089573
0 0.179559 0.533175 0.129562 0.145024
