0 0.384930 0.627071 0.011982 0.029290
0 0.371075 0.630399 0.018722 0.027959
0 0.349732 0.628402 0.025462 0.037278
0 0.441845 0.625074 0.020969 0.019970
0 0.416758 0.627071 0.035198 0.023964
1 0.300680 0.613092 0.060660 0.113166
1 0.231363 0.477732 0.179645 0.517020
0 0.522800 0.621745 0.018722 0.047929
0 0.502955 0.628402 0.011982 0.029290
0 0.689054 0.627737 0.153523 0.121154
0 0.472250 0.631065 0.032951 0.055917
0 0.572976 0.668343 0.125065 0.159763
0 0.749714 0.640385 0.131056 0.106509
0 0.883915 0.784704 0.231407 0.428698
