0 0.477573 0.586631 0.007647 0.019033
0 0.484838 0.585952 0.011471 0.028550
0 0.489044 0.600906 0.012236 0.050302
0 0.495544 0.603625 0.022177 0.066616
0 0.504721 0.605665 0.032883 0.067976
0 0.529192 0.609063 0.040531 0.093807
0 0.539516 0.612462 0.038236 0.097885
0 0.563222 0.621979 0.056590 0.127795
0 0.624018 0.637516 0.133063 0.199849
0 0.783875 0.691178 0.286773 0.380665
0 0.404432 0.602848 0.010706 0.024471
0 0.396402 0.604208 0.006883 0.029909
0 0.389902 0.606927 0.009177 0.035347
0 0.381872 0.603528 0.011471 0.042145
0 0.375755 0.610326 0.009941 0.036707
0 0.368107 0.608966 0.014530 0.050302
0 0.354725 0.610326 0.030589 0.058459
0 0.322988 0.621202 0.051237 0.069335
0 0.269567 0.624601 0.072649 0.119637
0 0.416886 0.602557 0.021412 0.025831
0 0.454740 0.616152 0.061943 0.093807
0 0.224749 0.650555 0.108591 0.126435
0 0.042910 0.538241 0.085819 0.065257
0 0.917827 0.726747 0.160358 0.542447
