1 0.399671 0.531740 0.017547 0.029461
1 0.382125 0.531740 0.019496 0.039859
0 0.369452 0.539538 0.005849 0.017330
0 0.365066 0.536939 0.008773 0.019063
0 0.360191 0.540405 0.008773 0.019063
0 0.425991 0.539538 0.011698 0.020796
0 0.437689 0.545604 0.017547 0.029461
0 0.443538 0.555135 0.013647 0.031194
0 0.460109 0.550803 0.029244 0.046791
0 0.459622 0.557735 0.014622 0.032927
0 0.467420 0.559467 0.018521 0.043325
0 0.414293 0.549070 0.021446 0.029461
0 0.492765 0.553402 0.041917 0.072786
0 0.227130 0.536939 0.074085 0.098781
0 0.296829 0.580552 0.162793 0.149037
0 0.727677 0.638360 0.311939 0.331001
0 0.889007 0.597635 0.055564 0.083184
0 0.953345 0.614964 0.088708 0.117843
