0 0.408622 0.768802 0.017020 0.025603
0 0.425643 0.767638 0.014402 0.041897
0 0.344468 0.769965 0.022258 0.032586
0 0.330066 0.757520 0.024876 0.062133
0 0.485345 0.754472 0.027495 0.056038
0 0.502366 0.759491 0.019639 0.025603
0 0.186701 0.804879 0.099504 0.107069
0 0.635649 0.787976 0.210792 0.275875
0 0.302048 0.773922 0.040587 0.048879
0 0.375367 0.766939 0.040587 0.053534
0 0.446722 0.761120 0.034041 0.055862
0 0.083138 0.836534 0.166277 0.323069
0 0.849976 0.826991 0.298513 0.342155
0 0.739173 0.720086 0.030088 0.053491
