0 0.266371 0.486140 0.024919 0.030311
0 0.240141 0.493135 0.027542 0.039637
0 0.219288 0.498964 0.034100 0.041969
0 0.187155 0.502461 0.035411 0.048964
0 0.131153 0.511788 0.044592 0.067617
0 0.081971 0.519948 0.059019 0.074611
0 0.038034 0.523446 0.049838 0.081606
0 0.350572 0.482642 0.019673 0.032642
0 0.366310 0.481477 0.027542 0.044301
0 0.392540 0.495466 0.035411 0.067617
0 0.414836 0.495466 0.048527 0.067617
0 0.443165 0.510622 0.048527 0.097927
0 0.504807 0.521114 0.106234 0.142228
0 0.589401 0.561917 0.154760 0.191192
0 0.015738 0.536736 0.031477 0.097927
0 0.810947 0.537902 0.374892 0.422021
