0 0.455740 0.253061 0.020663 0.030612
0 0.455310 0.286735 0.023246 0.039796
0 0.421301 0.282908 0.049936 0.078061
0 0.401068 0.287500 0.047353 0.084184
0 0.361033 0.280612 0.055102 0.119388
0 0.493192 0.257143 0.069739 0.101020
0 0.665099 0.278572 0.026690 0.052041
0 0.710300 0.258674 0.030995 0.021429
0 0.763250 0.269388 0.047353 0.033673
0 0.721493 0.289286 0.086097 0.052041
0 0.820935 0.308419 0.109343 0.090306
0 0.908754 0.306123 0.095568 0.088776
0 0.965578 0.299235 0.066295 0.096429
0 0.024825 0.427296 0.047353 0.295408
0 0.294308 0.283929 0.119675 0.154592
0 0.570105 0.410459 0.274649 0.387245
