4 0.791036 0.442441 0.041133 0.095625
2 0.815821 0.402129 0.099141 0.097500
0 0.374414 0.424286 0.010547 0.030000
1 0.386015 0.400000 0.018984 0.030000
0 0.385488 0.425491 0.015820 0.028125
0 0.360703 0.434866 0.012656 0.031875
0 0.350683 0.434866 0.011602 0.031875
0 0.334863 0.436741 0.024258 0.039375
0 0.311133 0.447053 0.023203 0.037500
0 0.278965 0.435803 0.049570 0.045000
0 0.284766 0.448928 0.029531 0.041250
0 0.397090 0.429911 0.028477 0.037500
0 0.420293 0.424286 0.020039 0.033750
0 0.434531 0.422411 0.012656 0.026250
1 0.479355 0.410625 0.015820 0.035625
0 0.490430 0.417187 0.010547 0.030000
0 0.499394 0.419062 0.017930 0.033750
0 0.518379 0.421875 0.024258 0.039375
0 0.609609 0.444375 0.172969 0.215625
