0 0.484479 0.350064 0.013647 0.013864
0 0.138423 0.425449 0.179365 0.147304
0 0.272459 0.393389 0.102355 0.107445
0 0.351906 0.377792 0.058488 0.097048
0 0.400159 0.365661 0.038018 0.072786
0 0.436714 0.361329 0.035093 0.050257
0 0.459622 0.357863 0.014622 0.039859
0 0.889025 0.366528 0.175465 0.188896
0 0.791544 0.356996 0.083833 0.121309
0 0.747678 0.364795 0.025345 0.067587
0 0.741341 0.352664 0.043866 0.064121
0 0.714534 0.350931 0.025345 0.057189
0 0.699912 0.343999 0.027295 0.057189
0 0.682853 0.343999 0.016572 0.057189
0 0.669206 0.343999 0.022421 0.050257
0 0.652634 0.348331 0.016572 0.034660
0 0.640449 0.349198 0.015597 0.025995
0 0.627776 0.348331 0.019496 0.027728
0 0.612179 0.347465 0.019496 0.032927
0 0.587322 0.350064 0.024370 0.027728
0 0.568800 0.349198 0.012673 0.022529
