0 0.535064 0.195119 0.014007 0.030237
0 0.509552 0.185336 0.015007 0.021344
0 0.495545 0.202233 0.013006 0.012451
0 0.509051 0.220059 0.036018 0.026757
0 0.482038 0.224466 0.018009 0.028459
0 0.466530 0.250257 0.035017 0.037352
0 0.438517 0.276937 0.027013 0.033794
0 0.452253 0.309821 0.073577 0.067546
0 0.864227 0.312510 0.132065 0.097826
0 0.930260 0.316957 0.138068 0.081818
0 0.901245 0.518834 0.196097 0.382411
0 0.590839 0.396687 0.205597 0.390687
0 0.116958 0.439176 0.233916 0.627103
0 0.585589 0.188893 0.015007 0.024901
0 0.564079 0.190672 0.012006 0.010672
