0 0.061982 0.659753 0.122404 0.363142
1 0.978065 0.537782 0.042881 0.446304
0 0.870864 0.580056 0.182437 0.239784
0 0.750019 0.555801 0.134099 0.138604
0 0.671275 0.541940 0.087320 0.119199
0 0.141116 0.543326 0.115388 0.121971
0 0.214792 0.537089 0.044440 0.079004
0 0.619039 0.541247 0.051457 0.079004
0 0.589022 0.544712 0.038203 0.060986
0 0.566023 0.541247 0.028067 0.054055
0 0.550430 0.543326 0.023389 0.052669
0 0.526651 0.539168 0.033525 0.044353
0 0.512227 0.540554 0.009356 0.038809
0 0.504820 0.537782 0.010135 0.038809
0 0.279113 0.556494 0.134099 0.178799
0 0.465448 0.542633 0.071727 0.098409
0 0.350748 0.551202 0.012871 0.032034
