0 0.763101 0.451814 0.011392 0.018565
0 0.752658 0.449283 0.011392 0.016878
0 0.743164 0.450126 0.007595 0.018565
0 0.728924 0.445907 0.020886 0.016878
0 0.063252 0.477342 0.054351 0.055443
0 0.132437 0.481688 0.042722 0.057384
0 0.311867 0.472405 0.016139 0.028692
0 0.344620 0.470717 0.055063 0.048945
0 0.391139 0.472405 0.055063 0.038819
0 0.421519 0.471561 0.018987 0.037131
0 0.447626 0.469873 0.035127 0.037131
0 0.630379 0.452953 0.011392 0.023207
0 0.614240 0.468143 0.011392 0.003797
0 0.594304 0.458228 0.009494 0.020253
0 0.573299 0.461603 0.013054 0.023629
0 0.560126 0.459747 0.013291 0.016878
0 0.663133 0.452152 0.012342 0.021941
0 0.953947 0.465401 0.057769 0.070886
0 0.924921 0.468776 0.028481 0.027004
0 0.900664 0.454979 0.039304 0.037721
0 0.983449 0.470717 0.031329 0.096202
0 0.111076 0.495640 0.072152 0.081013
0 0.187144 0.489381 0.066693 0.068495
0 0.208386 0.463572 0.038924 0.033755
0 0.247073 0.483474 0.062658 0.060056
0 0.028481 0.508298 0.056962 0.072574
0 0.785126 0.453586 0.021835 0.025316
0 0.599525 0.454008 0.008544 0.018565
