0 0.532620 0.771793 0.022925 0.035660
0 0.515426 0.757784 0.022925 0.033113
0 0.493218 0.775614 0.044416 0.068774
0 0.458831 0.802359 0.044416 0.117170
0 0.365529 0.838135 0.144368 0.198448
0 0.171558 0.858397 0.341003 0.280189
0 0.574887 0.792171 0.041551 0.066226
0 0.615721 0.775614 0.028656 0.068774
0 0.678047 0.817642 0.041551 0.086604
0 0.648675 0.794718 0.031521 0.091698
0 0.713867 0.824010 0.061610 0.119717
0 0.791738 0.851840 0.168636 0.216887
0 0.948913 0.891943 0.099001 0.202908
0 0.430775 0.803945 0.059287 0.112126
