0 0.435503 0.362371 0.012758 0.018557
0 0.422165 0.361340 0.011598 0.016495
0 0.409407 0.364433 0.011598 0.022680
0 0.394330 0.365464 0.018557 0.024742
0 0.375773 0.371650 0.030155 0.037113
0 0.341559 0.378866 0.033634 0.055670
0 0.324162 0.385052 0.028995 0.055670
0 0.294588 0.394330 0.057990 0.065979
0 0.221521 0.400516 0.090464 0.123711
0 0.121778 0.420103 0.148454 0.171134
0 0.029575 0.436770 0.059149 0.210997
0 0.451160 0.361856 0.013918 0.022680
0 0.462758 0.355670 0.009278 0.018557
0 0.475516 0.361856 0.011598 0.022680
0 0.485954 0.361856 0.009278 0.026804
0 0.496392 0.362887 0.020876 0.032990
0 0.503930 0.367010 0.019716 0.032990
0 0.519588 0.364949 0.018557 0.061856
0 0.537565 0.368041 0.035954 0.072165
0 0.542784 0.379382 0.034794 0.057732
0 0.584536 0.378007 0.069588 0.094845
0 0.619910 0.359450 0.022036 0.037113
0 0.808840 0.411340 0.279742 0.270103
