0 0.516836 0.428516 0.011804 0.034974
0 0.492573 0.427350 0.026231 0.051295
0 0.463719 0.429682 0.034100 0.065285
0 0.449292 0.433179 0.023608 0.072280
0 0.415192 0.426184 0.055084 0.109585
0 0.372568 0.443671 0.048527 0.130570
0 0.295843 0.461158 0.154760 0.184197
0 0.557774 0.427350 0.010492 0.027979
0 0.569578 0.428516 0.015738 0.034974
0 0.598432 0.418024 0.031477 0.060622
0 0.604989 0.433179 0.015738 0.044301
0 0.620728 0.435511 0.026231 0.058290
0 0.629253 0.439008 0.024919 0.046632
0 0.652860 0.422687 0.035411 0.027979
0 0.743356 0.471651 0.245256 0.186529
0 0.115133 0.476647 0.229517 0.340415
0 0.917909 0.524940 0.164182 0.353062
