0 0.323554 0.373380 0.036581 0.033638
0 0.375903 0.375623 0.017660 0.029153
0 0.394824 0.378986 0.022706 0.022425
0 0.415007 0.382350 0.025228 0.033638
0 0.442127 0.369269 0.011353 0.022425
0 0.286973 0.359177 0.034058 0.038123
0 0.512136 0.389078 0.025228 0.038123
0 0.525802 0.392068 0.018921 0.047093
0 0.618306 0.432060 0.081992 0.103156
0 0.465674 0.374875 0.016398 0.029153
0 0.490902 0.382724 0.013876 0.026910
0 0.474504 0.401038 0.031535 0.042608
0 0.196781 0.428696 0.320401 0.172674
0 0.947116 0.488870 0.104698 0.152492