0 0.496810 0.471133 0.016782 0.029834
0 0.477232 0.471133 0.011188 0.017403
0 0.468841 0.469889 0.011188 0.014917
0 0.461149 0.474862 0.015383 0.014917
0 0.442969 0.477348 0.015383 0.024862
0 0.429683 0.477348 0.019579 0.024862
0 0.416398 0.488536 0.026571 0.027348
0 0.339481 0.495994 0.062932 0.079558
0 0.534569 0.477348 0.025173 0.034807
0 0.547855 0.494751 0.018180 0.049724
0 0.570230 0.494751 0.034962 0.069613
0 0.577922 0.505939 0.039157 0.067127
0 0.621275 0.509668 0.075518 0.149171
0 0.720465 0.530801 0.191592 0.231215