0 0.599642 0.505060 0.070546 0.079532
0 0.706991 0.490708 0.145680 0.144944
0 0.500785 0.526337 0.030971 0.018353
0 0.207416 0.541631 0.026957 0.024471
0 0.302641 0.515087 0.010324 0.013255
0 0.312391 0.517126 0.009177 0.013255
0 0.324436 0.517126 0.011471 0.013255
0 0.335620 0.517636 0.013192 0.014275
0 0.366305 0.524264 0.008030 0.023452
0 0.375195 0.526303 0.012044 0.027530
0 0.298340 0.530381 0.020074 0.027530
0 0.292604 0.530891 0.013192 0.024471
0 0.106871 0.590710 0.094062 0.093807
0 0.190608 0.572866 0.055060 0.058119
0 0.275398 0.535819 0.023515 0.035687
0 0.352635 0.536839 0.024662 0.043844
0 0.385519 0.526133 0.017780 0.024471