0 0.190963 0.527449 0.042360 0.056939
0 0.141888 0.565408 0.107449 0.101020
0 0.061129 0.584694 0.122258 0.132245
0 0.055619 0.684184 0.110548 0.244286
0 0.251403 0.559898 0.111582 0.152449
0 0.414298 0.544286 0.045459 0.091837
0 0.428246 0.506633 0.021696 0.042245
2 0.462168 0.493775 0.016531 0.038571
0 0.477149 0.506326 0.013431 0.033061
0 0.486964 0.508163 0.018597 0.029388
0 0.497812 0.509082 0.019630 0.042245
0 0.589592 0.533877 0.061990 0.073469
0 0.647449 0.538469 0.099184 0.115714
0 0.738367 0.558367 0.150842 0.166531
0 0.881977 0.595102 0.233495 0.293877
0 0.452725 0.516514 0.035445 0.063013
0 0.527911 0.532744 0.069815 0.103112
0 0.332965 0.633946 0.208372 0.267327