0 0.075328 0.532500 0.036914 0.037500
0 0.214415 0.523649 0.030322 0.031764
0 0.387119 0.509062 0.027686 0.023437
0 0.491270 0.502031 0.009229 0.018750
0 0.544004 0.492656 0.019775 0.023437
0 0.621128 0.502031 0.026367 0.037500
0 0.643540 0.497343 0.015820 0.032812
0 0.656724 0.499687 0.031641 0.060937
0 0.700889 0.500859 0.027686 0.072656
0 0.733848 0.506718 0.067236 0.075000
0 0.803721 0.506718 0.112060 0.103125
0 0.499839 0.503203 0.013184 0.021094
0 0.481382 0.505547 0.015820 0.021094
0 0.458970 0.504375 0.026367 0.037500
0 0.421397 0.511406 0.038232 0.051562
0 0.336363 0.514922 0.029004 0.025781
0 0.269119 0.514381 0.036899 0.038762
0 0.181456 0.520781 0.046143 0.042187
0 0.126085 0.518437 0.069873 0.060937
0 0.019866 0.541875 0.039732 0.042187
0 0.927646 0.518437 0.143701 0.145312