0 0.301391 0.664446 0.031899 0.040957
0 0.247340 0.679411 0.090381 0.086639
0 0.196833 0.692013 0.042532 0.058285
0 0.421012 0.662083 0.015950 0.036231
0 0.403734 0.661295 0.020380 0.059860
0 0.067021 0.678623 0.130255 0.198483
2 0.195061 0.659720 0.090381 0.116569
0 0.615951 0.649481 0.019494 0.039382
0 0.684180 0.702252 0.131141 0.135473
0 0.455570 0.672322 0.053165 0.081914
0 0.465760 0.640817 0.023924 0.028355
0 0.543292 0.694376 0.159495 0.207935
0 0.362531 0.671535 0.081520 0.124446
0 0.090442 0.721943 0.180883 0.178005
0 0.834194 0.656570 0.112533 0.069312
2 0.778888 0.633256 0.049621 0.078763
2 0.937497 0.746675 0.120508 0.258343
0 0.911800 0.634831 0.038988 0.031505
2 0.539644 0.585998 0.044304 0.034656