0 0.271943 0.527735 0.019501 0.038746
2 0.236383 0.513752 0.033266 0.055060
2 0.218029 0.536766 0.035560 0.038746
0 0.019255 0.531668 0.038510 0.040785
0 0.071775 0.534436 0.022942 0.034668
0 0.102747 0.527298 0.027530 0.044864
0 0.172719 0.531377 0.013765 0.024471
0 0.333312 0.534436 0.025236 0.030589
0 0.491611 0.544632 0.009177 0.083610
2 0.417050 0.491611 0.151416 0.381344
0 0.541509 0.538806 0.024089 0.030589
0 0.653269 0.549730 0.047031 0.053021
0 0.685388 0.557887 0.040148 0.040785
0 0.721521 0.559927 0.050472 0.053021
0 0.774861 0.556868 0.079149 0.067296