0 0.396897 0.441620 0.014408 0.020871
0 0.404902 0.442094 0.010139 0.019923
0 0.416375 0.439248 0.017077 0.025615
0 0.427582 0.444466 0.016009 0.034153
0 0.445459 0.445889 0.028283 0.040794
0 0.466805 0.454902 0.046427 0.055025
0 0.521236 0.460119 0.078446 0.105306
0 0.375018 0.440671 0.027749 0.045538
0 0.262152 0.448261 0.023480 0.024666
0 0.197315 0.450632 0.029350 0.046486
0 0.227732 0.466760 0.065638 0.082537
0 0.318719 0.442568 0.030951 0.043640
0 0.289101 0.451581 0.045360 0.055973
0 0.062570 0.465337 0.041624 0.051230
0 0.023547 0.486209 0.047094 0.127126
0 0.122071 0.496644 0.151021 0.157484
0 0.639972 0.498542 0.161160 0.168869