1 0.365211 0.539029 0.046437 0.048561
0 0.486082 0.552141 0.015024 0.024281
0 0.474473 0.552141 0.013658 0.038849
0 0.542762 0.576421 0.046437 0.058273
0 0.550274 0.586134 0.045071 0.063130
0 0.594662 0.594632 0.071021 0.104407
0 0.650659 0.609200 0.101068 0.133543
0 0.728509 0.648049 0.150236 0.177248
0 0.880794 0.713607 0.236281 0.395774
0 0.449206 0.572779 0.053266 0.089838
0 0.506569 0.571565 0.023218 0.033993
0 0.234778 0.542428 0.036876 0.053417
0 0.208145 0.544857 0.043705 0.048561
0 0.162392 0.544857 0.061460 0.058273
0 0.093420 0.540000 0.090142 0.082554
0 0.332432 0.549713 0.024584 0.033993