0 0.119554 0.506510 0.101796 0.089445
0 0.047595 0.505470 0.058504 0.079045
0 0.010342 0.497150 0.020683 0.087365
0 0.747297 0.520031 0.133388 0.149769
0 0.672413 0.506510 0.060844 0.114407
0 0.641406 0.520031 0.031592 0.058243
0 0.629705 0.521071 0.029252 0.047843
0 0.617419 0.520031 0.032762 0.058243
0 0.605719 0.513791 0.025742 0.037442
0 0.596943 0.514831 0.024571 0.027042
0 0.583487 0.506510 0.016381 0.027042
0 0.564766 0.498190 0.030422 0.035362
0 0.544875 0.499230 0.018721 0.024961
0 0.536684 0.496110 0.016381 0.018721
0 0.533759 0.497150 0.022231 0.020801
0 0.175718 0.499230 0.026912 0.049923
0 0.212575 0.499230 0.042123 0.049923
0 0.244752 0.495070 0.031592 0.033282
0 0.275759 0.497150 0.028082 0.029122
0 0.301500 0.498190 0.023401 0.027042
0 0.328412 0.494030 0.032762 0.022881
0 0.348888 0.492990 0.015211 0.033282
0 0.361174 0.488829 0.014041 0.029122
0 0.454779 0.486749 0.018721 0.024961
0 0.480521 0.490909 0.021061 0.033282
0 0.412657 0.490909 0.016381 0.024961
0 0.389841 0.490909 0.012871 0.020801
0 0.519718 0.498190 0.017551 0.018721
0 0.510358 0.488829 0.012871 0.012481
0 0.503922 0.489869 0.011701 0.018721