0 0.376760 0.532347 0.014464 0.023878
0 0.362296 0.537857 0.016531 0.027551
0 0.349898 0.547041 0.018597 0.034898
0 0.332334 0.555306 0.018597 0.029388
0 0.320453 0.565408 0.023763 0.038571
0 0.295140 0.573673 0.039260 0.047755
0 0.281709 0.580102 0.033061 0.045918
0 0.393463 0.533265 0.011365 0.014694
0 0.405861 0.533265 0.011365 0.014694
0 0.419292 0.537857 0.011365 0.016531
0 0.428418 0.547959 0.012398 0.022041
0 0.432034 0.558061 0.017564 0.038571
0 0.435134 0.561735 0.013431 0.034898
0 0.451148 0.567245 0.018597 0.034898
0 0.469917 0.572755 0.017564 0.042245
0 0.494196 0.586531 0.035128 0.055102
0 0.527430 0.601837 0.036161 0.062449
0 0.579088 0.612857 0.063023 0.095510
0 0.254675 0.594490 0.048559 0.058775
0 0.194235 0.599082 0.068189 0.049592
0 0.684815 0.639184 0.164273 0.135918
0 0.029962 0.652653 0.059923 0.189796