0 0.485156 0.498047 0.007910 0.023437
0 0.491089 0.498047 0.009229 0.018750
0 0.498340 0.498047 0.010547 0.028125
0 0.350024 0.513281 0.022412 0.030469
0 0.767944 0.492187 0.101514 0.103125
2 0.087193 0.516093 0.105469 0.126562
1 0.545982 0.475078 0.031641 0.039844
0 0.474131 0.500859 0.017139 0.021094
0 0.515000 0.496172 0.035596 0.053906
0 0.561802 0.512578 0.058008 0.091406
0 0.884800 0.497343 0.145019 0.131250
0 0.968516 0.483281 0.046143 0.056250
0 0.054143 0.562968 0.108287 0.159375
1 0.401621 0.493828 0.022412 0.021094
1 0.376573 0.502031 0.027686 0.032812