0 0.472500 0.603750 0.010547 0.020625
0 0.458262 0.608973 0.022148 0.039375
0 0.435586 0.611786 0.023203 0.045000
0 0.375996 0.615536 0.020039 0.041250
0 0.409219 0.615535 0.042187 0.063750
0 0.293203 0.626785 0.054844 0.078750
0 0.755457 0.616473 0.014766 0.043125
0 0.631532 0.631473 0.070664 0.118125
0 0.782352 0.612723 0.043242 0.065625
0 0.842469 0.634285 0.024258 0.052500
0 0.336445 0.633348 0.080156 0.095625
0 0.038641 0.640312 0.076992 0.125625
0 0.535605 0.691250 0.169805 0.240000
0 0.904394 0.706250 0.188789 0.262500