0 0.373200 0.450405 0.013658 0.026709
0 0.365006 0.455261 0.021853 0.033993
0 0.416905 0.455261 0.016389 0.033993
0 0.429197 0.458903 0.019121 0.041277
0 0.454464 0.450405 0.047802 0.082554
0 0.670941 0.529317 0.133847 0.148112
0 0.309009 0.449191 0.032779 0.041277
0 0.177893 0.446763 0.035510 0.031565
0 0.072728 0.440693 0.046437 0.063130
0 0.128042 0.446763 0.066923 0.060701
0 0.394370 0.450405 0.031413 0.043705
0 0.336324 0.449191 0.049168 0.065558
0 0.532314 0.532959 0.159797 0.254946
0 0.831421 0.587590 0.331885 0.339928
0 0.033803 0.479542 0.066923 0.199101