0 0.485283 0.450709 0.014350 0.017008
0 0.501666 0.476221 0.013155 0.021260
0 0.508841 0.485788 0.017938 0.019134
0 0.528573 0.492165 0.023917 0.044646
0 0.532161 0.508110 0.016742 0.029764
0 0.550697 0.514488 0.029897 0.034016
0 0.574614 0.512362 0.020330 0.046772
0 0.585975 0.516614 0.028701 0.046772
0 0.597335 0.522992 0.027505 0.051024
0 0.632015 0.484725 0.020330 0.021260
0 0.617665 0.522992 0.034680 0.059528
0 0.657727 0.521929 0.074144 0.087165
0 0.686427 0.540000 0.078927 0.089291
0 0.808763 0.543503 0.206887 0.202597
0 0.404562 0.564449 0.190143 0.261496
0 0.935930 0.619512 0.123174 0.514488