0 0.416394 0.417902 0.009466 0.020568
0 0.492227 0.423511 0.008414 0.013089
0 0.483813 0.428186 0.010518 0.014958
0 0.499589 0.430991 0.006311 0.016828
0 0.477502 0.432860 0.010518 0.013089
0 0.458570 0.437535 0.012621 0.007479
0 0.466984 0.432860 0.010518 0.013089
0 0.447527 0.435665 0.011569 0.011219
0 0.437009 0.437535 0.009466 0.014958
0 0.425440 0.438470 0.015776 0.016828
0 0.398619 0.434730 0.018932 0.013089
0 0.383369 0.440340 0.019984 0.020568
0 0.376532 0.462777 0.029449 0.031787
0 0.401249 0.456233 0.022087 0.026177
0 0.317108 0.474931 0.043122 0.033657
0 0.248217 0.459038 0.033657 0.024307
0 0.274511 0.477736 0.037864 0.043006
0 0.222449 0.492694 0.074675 0.039266
0 0.204569 0.478671 0.051537 0.041136
0 0.161972 0.474931 0.037864 0.026177
0 0.148299 0.505783 0.073624 0.043006
0 0.032079 0.495499 0.062054 0.033657
0 0.065735 0.518871 0.066261 0.028047
0 0.017880 0.514197 0.035760 0.037396
0 0.005259 0.528220 0.010518 0.024307
0 0.327625 0.451558 0.017880 0.016828
0 0.494856 0.438470 0.009466 0.016828
0 0.485916 0.440340 0.010518 0.016828
0 0.465933 0.445949 0.014725 0.016828
0 0.445949 0.473061 0.033657 0.041136
0 0.848144 0.428186 0.018932 0.011219
0 0.833946 0.436600 0.013673 0.020568
2 0.930708 0.486150 0.074675 0.093490
0 0.786195 0.454363 0.043122 0.033657
0 0.625275 0.452493 0.047329 0.033657
0 0.726245 0.443144 0.030501 0.033657