0 0.571955 0.295313 0.006889 0.013609
0 0.587265 0.293952 0.013013 0.016331
0 0.593772 0.295993 0.009186 0.012248
0 0.605255 0.303478 0.012248 0.019052
0 0.620182 0.317087 0.023730 0.035383
0 0.531038 0.293757 0.004593 0.010887
0 0.525679 0.294438 0.007655 0.014970
0 0.519938 0.295118 0.011482 0.016331
0 0.514197 0.296479 0.013779 0.016331
0 0.510369 0.301242 0.018372 0.017692
0 0.499269 0.312129 0.043633 0.031300
0 0.466353 0.335945 0.034447 0.054435
0 0.441474 0.344110 0.029089 0.057157
0 0.420806 0.351595 0.035213 0.066683
0 0.386741 0.361121 0.066598 0.080292
0 0.084916 0.390963 0.169175 0.329335
0 0.583420 0.317962 0.019903 0.031300
0 0.846441 0.428623 0.303138 0.370820