0 0.038018 0.522497 0.076035 0.129974
0 0.104304 0.525963 0.062388 0.084917
0 0.099918 0.483505 0.055564 0.031194
0 0.161818 0.522497 0.116977 0.077985
0 0.264660 0.503434 0.077010 0.067587
0 0.214945 0.506034 0.039967 0.048524
2 0.320224 0.492170 0.053614 0.076252
0 0.357267 0.500835 0.028269 0.048524
0 0.379200 0.490437 0.033143 0.048524
0 0.400646 0.495636 0.021446 0.031194
0 0.422092 0.494769 0.021446 0.025995
2 0.446949 0.484371 0.018521 0.032927
2 0.428374 0.470571 0.028377 0.032799
0 0.460109 0.490437 0.009748 0.017330
2 0.467420 0.480905 0.018521 0.029461
0 0.880739 0.571887 0.236878 0.204493
0 0.748652 0.519898 0.128675 0.152503
0 0.692114 0.493036 0.093582 0.140372
0 0.641424 0.513832 0.007798 0.067587
0 0.634113 0.509500 0.024370 0.058922
0 0.628751 0.499102 0.038992 0.072786
0 0.508086 0.488149 0.026872 0.035769
0 0.536144 0.487837 0.017547 0.022529
0 0.582935 0.490437 0.023395 0.024262
0 0.563439 0.489570 0.011698 0.015597