0 0.094879 0.484286 0.102283 0.084490
0 0.339911 0.404082 0.041327 0.031224
0 0.513482 0.372857 0.019630 0.014694
0 0.496435 0.373775 0.012398 0.012857
0 0.474738 0.372857 0.016531 0.014694
0 0.450976 0.372857 0.012398 0.011020
0 0.437028 0.378367 0.017564 0.011020
0 0.422564 0.383877 0.013431 0.014694
0 0.528463 0.379286 0.014464 0.016531
0 0.425663 0.405918 0.019630 0.025714
0 0.590453 0.430714 0.126046 0.115714
0 0.256692 0.458528 0.119601 0.086327
0 0.480495 0.478732 0.135344 0.211224
0 0.933275 0.395759 0.052691 0.025714
0 0.800514 0.393004 0.033061 0.023878
0 0.788632 0.404024 0.040293 0.016531