0 0.326104 0.383099 0.008736 0.021076
0 0.335775 0.379217 0.013103 0.026623
0 0.346071 0.370343 0.017471 0.053246
0 0.367286 0.374225 0.041182 0.076541
0 0.287729 0.379772 0.010608 0.038825
0 0.272442 0.374780 0.026207 0.055464
0 0.267138 0.380326 0.019343 0.053246
0 0.261211 0.381990 0.016223 0.063229
0 0.235004 0.380326 0.056158 0.106491
0 0.158255 0.388091 0.137274 0.184141
0 0.485977 0.342399 0.210279 0.354971
0 0.379902 0.402855 0.023087 0.118693
0 0.659650 0.498624 0.373760 0.431512
0 0.088261 0.436282 0.175898 0.234059
0 0.836311 0.528907 0.325090 0.614544
0 0.312097 0.384367 0.019343 0.025514