0 0.231553 0.584062 0.040869 0.023437
0 0.193321 0.607500 0.030322 0.046875
0 0.097740 0.619218 0.052734 0.065625
0 0.390415 0.593437 0.015820 0.018750
0 0.373936 0.594609 0.011865 0.021094
0 0.460288 0.573515 0.029004 0.025781
2 0.315269 0.582890 0.118652 0.105469
1 0.519615 0.587578 0.015820 0.067969
0 0.057530 0.577031 0.038232 0.018750
0 0.016002 0.579375 0.023730 0.028125
0 0.153770 0.614531 0.069873 0.065625
0 0.464243 0.634453 0.076465 0.110156
0 0.038323 0.621562 0.076646 0.079687
2 0.652110 0.611015 0.249170 0.250781