0 0.019496 0.476053 0.038992 0.050257
0 0.010235 0.443126 0.018521 0.019063
0 0.074085 0.476053 0.066287 0.050257
0 0.083833 0.443126 0.046791 0.032927
0 0.131599 0.460456 0.052640 0.060655
0 0.176928 0.458723 0.045816 0.046791
0 0.166205 0.433595 0.016572 0.017330
0 0.193987 0.442259 0.025345 0.038126
0 0.227130 0.448325 0.033143 0.036393
0 0.215920 0.436194 0.014622 0.029461
0 0.247114 0.434461 0.016572 0.039859
0 0.265635 0.434461 0.024370 0.032927
0 0.343132 0.432728 0.017547 0.029461
0 0.496177 0.521977 0.015597 0.038126
0 0.290493 0.453524 0.029244 0.043325
0 0.327048 0.433595 0.010723 0.013864
0 0.367067 0.437526 0.018419 0.026797
0 0.343476 0.472529 0.031881 0.046906
0 0.448412 0.575700 0.113078 0.173299
0 0.760350 0.562702 0.175465 0.105712
0 0.926609 0.567128 0.144234 0.107632