0 0.365885 0.779182 0.005615 0.018715
0 0.399105 0.779806 0.008890 0.017468
1 0.322489 0.769200 0.028775 0.031192
0 0.355474 0.778558 0.017546 0.029945
0 0.340736 0.776063 0.014738 0.029945
0 0.413375 0.778558 0.016844 0.037431
0 0.221075 0.784173 0.011229 0.016220
0 0.196862 0.783549 0.017546 0.019963
0 0.127381 0.777310 0.030178 0.042421
0 0.103519 0.777310 0.037197 0.039926
0 0.070884 0.778558 0.040706 0.049908
0 0.031933 0.781053 0.056848 0.057394
0 0.431506 0.790411 0.024564 0.036183
0 0.499583 0.806007 0.061059 0.084843
0 0.618546 0.844894 0.124918 0.161784
0 0.937178 0.903743 0.122118 0.184658
0 0.761722 0.872551 0.234410 0.234566
2 0.383672 0.773983 0.023862 0.047412