0 0.492066 0.672511 0.013196 0.021327
0 0.481270 0.667180 0.010797 0.031991
0 0.471073 0.663981 0.011996 0.038389
0 0.452478 0.661848 0.027592 0.059716
0 0.442881 0.672511 0.025193 0.055450
0 0.426086 0.671445 0.041988 0.070379
0 0.406892 0.678909 0.032390 0.068246
0 0.367903 0.677843 0.088774 0.134360
0 0.279729 0.711966 0.161952 0.181280
0 0.506462 0.660782 0.013196 0.023460
0 0.526856 0.674644 0.017995 0.025592
0 0.540652 0.679976 0.021594 0.031990
0 0.554448 0.687440 0.034790 0.046919
0 0.568244 0.707701 0.033590 0.053317
0 0.582639 0.720497 0.038389 0.066114
0 0.636024 0.741824 0.089973 0.134360
0 0.845304 0.849525 0.309393 0.298578
0 0.036272 0.866965 0.072076 0.257797
0 0.922639 0.934846 0.152733 0.118983