2 0.459000 0.468298 0.094683 0.159824
0 0.309803 0.505461 0.004782 0.013602
0 0.315063 0.508011 0.005738 0.015302
0 0.322714 0.510562 0.007651 0.013602
0 0.345667 0.509711 0.007651 0.018703
0 0.352840 0.506311 0.008608 0.022103
0 0.359057 0.510562 0.007651 0.017003
0 0.364795 0.508011 0.007651 0.022103
0 0.370055 0.508011 0.008608 0.018703
0 0.398269 0.507161 0.021041 0.034005
0 0.379619 0.509711 0.016259 0.028904
0 0.334669 0.508861 0.014346 0.023804
0 0.157258 0.501453 0.015302 0.015302
0 0.131436 0.499753 0.021041 0.015302
0 0.100831 0.492102 0.032517 0.030605
0 0.599111 0.471699 0.034430 0.051008
0 0.532642 0.485301 0.021997 0.057809
0 0.515427 0.484451 0.029648 0.045907