2 0.394766 0.503594 0.012994 0.020329
2 0.383071 0.499435 0.012474 0.017556
0 0.395197 0.516200 0.008316 0.019405
0 0.404293 0.519434 0.017152 0.024025
0 0.418586 0.520358 0.023909 0.048049
0 0.372587 0.506498 0.006757 0.014784
0 0.369469 0.508808 0.008836 0.019405
0 0.366090 0.510194 0.007277 0.022177
0 0.360633 0.515276 0.010915 0.024949
0 0.350757 0.515276 0.016113 0.026797
0 0.349198 0.517124 0.015073 0.021253
0 0.344000 0.520820 0.009876 0.030493
0 0.332565 0.522668 0.020271 0.034189
0 0.313594 0.521744 0.028067 0.065606
0 0.295922 0.526364 0.034304 0.076694
0 0.380272 0.519104 0.018712 0.023101
0 0.444723 0.527420 0.044700 0.071150
0 0.233439 0.529268 0.096156 0.135832
0 0.093103 0.498577 0.042101 0.033265
0 0.064256 0.498577 0.020791 0.022177
0 0.017997 0.494749 0.035344 0.040657