0 0.783580 0.401658 0.010797 0.017062
0 0.773983 0.410189 0.010797 0.017062
0 0.763786 0.418720 0.011996 0.021327
0 0.753589 0.429384 0.013196 0.021327
2 0.746391 0.403791 0.015595 0.034123
0 0.793177 0.437914 0.013196 0.029858
0 0.721198 0.435782 0.025193 0.025592
0 0.702604 0.426185 0.009597 0.019194
0 0.689408 0.436848 0.011996 0.019194
0 0.748190 0.485900 0.057583 0.070379
0 0.634224 0.477369 0.045586 0.070379
0 0.593436 0.479502 0.059982 0.100237
1 0.637223 0.427251 0.087574 0.085308
0 0.694806 0.520023 0.106768 0.142891
0 0.530877 0.533886 0.122720 0.187678
1 0.228938 0.402725 0.457877 0.654739