0 0.376444 0.629908 0.013658 0.024281
0 0.383273 0.635978 0.013658 0.036421
0 0.398979 0.634764 0.023218 0.048561
0 0.416052 0.643262 0.024584 0.041277
0 0.434490 0.651761 0.025950 0.067986
0 0.450879 0.657831 0.028681 0.070414
0 0.475463 0.661473 0.036876 0.092266
0 0.506876 0.668757 0.053266 0.097122
0 0.568337 0.694252 0.127018 0.157824
0 0.725402 0.743160 0.258133 0.254946
0 0.312935 0.627480 0.012292 0.019424
0 0.297911 0.634764 0.017755 0.024281
0 0.280839 0.633550 0.024584 0.026709
0 0.261718 0.635978 0.019121 0.031565
0 0.246695 0.633550 0.021853 0.036421
0 0.223476 0.631122 0.027316 0.036421
0 0.180454 0.626266 0.034145 0.065558
0 0.149041 0.627480 0.039608 0.077698
0 0.117628 0.631122 0.055997 0.084982
0 0.067094 0.626266 0.055997 0.089838
0 0.025438 0.616554 0.049168 0.123831