0 0.561535 0.329901 0.037214 0.055430
0 0.609310 0.346887 0.030174 0.042914
0 0.488615 0.336159 0.050290 0.092980
0 0.511748 0.329901 0.012070 0.048278
0 0.593218 0.329901 0.014081 0.026821
0 0.536390 0.320960 0.015087 0.023245
0 0.455424 0.321854 0.022127 0.021457
0 0.522812 0.321854 0.012070 0.025033
0 0.428770 0.324536 0.027156 0.023245
0 0.425250 0.307550 0.020116 0.021457
0 0.397591 0.320960 0.019110 0.033974
0 0.372446 0.326324 0.035203 0.033974
0 0.347804 0.319172 0.026151 0.044702
0 0.288965 0.320960 0.091527 0.080464
0 0.244710 0.331689 0.041238 0.069735
0 0.093841 0.348675 0.186072 0.110861
0 0.087806 0.308444 0.137794 0.069735