2 0.276742 0.497579 0.191210 0.240378
2 0.420149 0.445375 0.046437 0.106835
1 0.479561 0.457516 0.075118 0.145684
0 0.573117 0.436877 0.016389 0.026709
0 0.605896 0.433235 0.021853 0.024281
0 0.646869 0.438091 0.021853 0.014568
0 0.670087 0.447804 0.024584 0.033993
0 0.687843 0.452660 0.035510 0.033993
0 0.711744 0.458730 0.025950 0.031565
0 0.732231 0.459944 0.039608 0.043705
0 0.791642 0.468442 0.040974 0.026709
0 0.833982 0.470870 0.040974 0.021853
0 0.881784 0.474512 0.054631 0.019424
0 0.950073 0.507291 0.076484 0.084982
0 0.519851 0.456302 0.019121 0.041277
0 0.560142 0.483010 0.053266 0.080126
0 0.625700 0.500007 0.091507 0.123831
0 0.406491 0.475726 0.049168 0.075270
0 0.381907 0.501221 0.043705 0.092266
0 0.100129 0.635978 0.200258 0.308364
0 0.844908 0.637192 0.308667 0.325360
0 0.988315 0.530358 0.019121 0.053417