0 0.445010 0.479713 0.155141 0.265373
0 0.089563 0.362949 0.032151 0.017692
0 0.141617 0.370434 0.010717 0.008165
0 0.117504 0.365670 0.037509 0.017692
0 0.206302 0.372339 0.025261 0.013609
0 0.183720 0.370978 0.019903 0.013609
0 0.250701 0.377782 0.029854 0.021774
0 0.271369 0.373700 0.011482 0.013609
0 0.342944 0.377782 0.015310 0.021774
0 0.298162 0.378463 0.019137 0.020413
0 0.380836 0.372543 0.014544 0.010887
0 0.374329 0.383430 0.021434 0.013609
2 0.321127 0.368460 0.020668 0.021774
0 0.838910 0.421603 0.014544 0.010887
0 0.853072 0.425005 0.013779 0.017692
0 0.870296 0.421603 0.013013 0.019052
0 0.891730 0.422964 0.016075 0.013609
0 0.918522 0.420242 0.037509 0.019052
0 0.960242 0.413438 0.052054 0.024496
0 0.980911 0.417520 0.035213 0.032661
0 0.972082 0.414798 0.034499 0.019052