0 0.930952 0.761023 0.136578 0.281655
0 0.553313 0.650547 0.348275 0.424910
0 0.170211 0.645690 0.311399 0.293795
0 0.802568 0.591059 0.232183 0.276799
0 0.689891 0.537642 0.107897 0.155396
0 0.421515 0.512147 0.024584 0.041277
0 0.327959 0.530358 0.039608 0.058273
0 0.306106 0.519431 0.031413 0.031565
0 0.296546 0.510933 0.020487 0.014568
0 0.129237 0.517003 0.109263 0.075270
0 0.056851 0.530358 0.030047 0.058273
0 0.376444 0.513361 0.062826 0.097122
2 0.235724 0.492182 0.076395 0.020771
0 0.271971 0.528562 0.040942 0.051990