0 0.383434 0.554211 0.046961 0.065724
0 0.443885 0.542664 0.009992 0.021316
0 0.500838 0.550658 0.031974 0.044408
0 0.521321 0.546217 0.014988 0.031974
0 0.465367 0.551546 0.040966 0.067500
0 0.562787 0.567533 0.077936 0.099474
0 0.638926 0.559539 0.025049 0.026645
0 0.666701 0.561316 0.023980 0.026645
0 0.616021 0.556875 0.021426 0.021316
0 0.712663 0.574638 0.057952 0.074605
0 0.852099 0.575526 0.167862 0.149211
0 0.981752 0.606612 0.035490 0.083487
2 0.170260 0.492804 0.340520 0.893734
0 0.758237 0.576796 0.031641 0.035156