0 0.468199 0.353906 0.005273 0.023437
0 0.495225 0.369140 0.017139 0.021094
0 0.475449 0.367968 0.017139 0.023437
0 0.456992 0.373828 0.025049 0.044531
0 0.434580 0.365625 0.019775 0.028125
0 0.412168 0.378515 0.025049 0.021094
0 0.388438 0.389062 0.040869 0.046875
0 0.329771 0.389062 0.021094 0.032812
0 0.294175 0.403125 0.076465 0.084375
0 0.043596 0.423047 0.087193 0.147656
0 0.536094 0.370312 0.014502 0.018750
0 0.549937 0.367968 0.013184 0.018750
0 0.593443 0.370312 0.021094 0.023437
0 0.615855 0.362109 0.015820 0.016406
0 0.696275 0.365625 0.021094 0.028125
0 0.729893 0.393750 0.056689 0.065625
0 0.652110 0.400781 0.088330 0.107812
0 0.564439 0.391406 0.047461 0.060937
0 0.502476 0.391406 0.042187 0.051562
0 0.891392 0.451172 0.213574 0.250781