0 0.481038 0.346304 0.008004 0.016008
0 0.467531 0.340968 0.011005 0.019565
0 0.463529 0.348972 0.013006 0.017787
0 0.456526 0.354308 0.013006 0.021344
2 0.431013 0.346304 0.052026 0.087154
0 0.415005 0.377431 0.032016 0.049802
0 0.404500 0.383656 0.029014 0.051581
0 0.396996 0.396107 0.024012 0.065810
0 0.357477 0.400553 0.081040 0.113834
0 0.496545 0.349862 0.017008 0.026680
0 0.536065 0.353419 0.030015 0.044466
0 0.544069 0.368538 0.036018 0.046245
0 0.973781 0.405000 0.051025 0.097826
0 0.954271 0.335632 0.090044 0.076482
0 0.905247 0.341858 0.048024 0.071146
0 0.893742 0.309842 0.035017 0.042688