0 0.488477 0.534304 0.010520 0.017003
0 0.483217 0.533454 0.009564 0.011902
0 0.494694 0.534304 0.013389 0.027204
0 0.503301 0.538555 0.017215 0.028904
0 0.532471 0.548757 0.014346 0.042506
0 0.540122 0.549607 0.016259 0.044207
0 0.560685 0.551307 0.040168 0.057809
0 0.609939 0.551519 0.071729 0.111792
0 0.640544 0.569160 0.081293 0.120718
0 0.444961 0.536855 0.011477 0.015302
0 0.454525 0.537705 0.009564 0.013602
0 0.434441 0.539405 0.011477 0.017003
0 0.425834 0.538555 0.011477 0.015302
0 0.420573 0.539405 0.014346 0.020403
0 0.414357 0.541105 0.017215 0.020403
0 0.400489 0.541105 0.025823 0.030605
0 0.388056 0.541956 0.035387 0.028904
0 0.384231 0.544506 0.033474 0.034005
0 0.370124 0.547906 0.043038 0.037406
0 0.516930 0.541531 0.020084 0.027204
0 0.470545 0.545781 0.026779 0.039106
0 0.713381 0.582309 0.143284 0.143521
0 0.157327 0.589138 0.094683 0.088413
0 0.098508 0.598489 0.114767 0.103715
0 0.046385 0.620592 0.092770 0.124118