0 0.423551 0.436275 0.009124 0.012477
0 0.413024 0.440642 0.014738 0.013725
0 0.407760 0.450000 0.007018 0.014972
0 0.396882 0.453119 0.016142 0.026201
0 0.393022 0.464348 0.011229 0.016220
0 0.385653 0.477449 0.010527 0.022458
0 0.371266 0.490550 0.022458 0.031192
0 0.339157 0.524653 0.022458 0.042421
0 0.315646 0.524029 0.035793 0.048660
0 0.293538 0.539002 0.025266 0.053651
0 0.268624 0.543369 0.045619 0.064880
0 0.232129 0.561460 0.044215 0.078604
0 0.170017 0.568322 0.082815 0.094824
0 0.100887 0.575185 0.134049 0.128512
0 0.476890 0.430661 0.007720 0.016220
0 0.483207 0.437523 0.010527 0.017468
0 0.488821 0.442514 0.010527 0.017468
0 0.490576 0.445009 0.007018 0.014972
0 0.495489 0.451871 0.012633 0.018715
0 0.498296 0.458110 0.012633 0.016220
0 0.510578 0.471834 0.027371 0.036183
0 0.530463 0.496996 0.023160 0.047412
0 0.549412 0.493253 0.018949 0.072366
0 0.653329 0.524903 0.069481 0.111044
0 0.763867 0.518041 0.178264 0.209612
0 0.581322 0.494210 0.065270 0.081100
0 0.912303 0.542246 0.173351 0.331885
0 0.462784 0.424464 0.014037 0.014972
0 0.443483 0.433822 0.016142 0.023706