2 0.870016 0.593550 0.121851 0.064121
0 0.814452 0.607414 0.041917 0.057189
0 0.766686 0.603948 0.069211 0.057189
0 0.650684 0.597016 0.047766 0.060655
0 0.714534 0.597016 0.040942 0.057189
0 0.599019 0.594416 0.049715 0.058922
0 0.308039 0.589217 0.017547 0.062388
0 0.254912 0.582285 0.016572 0.031194
0 0.235903 0.583152 0.019496 0.025995
0 0.206172 0.579686 0.024370 0.036393
0 0.178877 0.577086 0.012673 0.024262
0 0.162306 0.578819 0.016572 0.027728
0 0.056051 0.575353 0.022421 0.031194
0 0.084808 0.576220 0.033143 0.032927
0 0.214945 0.594416 0.028269 0.038126
0 0.281232 0.590084 0.043866 0.067587
0 0.132574 0.598749 0.054589 0.060655
0 0.430378 0.601348 0.032169 0.038126
0 0.393335 0.603081 0.036068 0.048524