0 0.459844 0.652750 0.008438 0.019500
0 0.454359 0.646750 0.009281 0.025500
0 0.446766 0.646000 0.017719 0.024000
0 0.436219 0.647500 0.011812 0.033000
0 0.425250 0.647500 0.016875 0.039000
0 0.408797 0.643000 0.027844 0.048000
0 0.387703 0.647500 0.031219 0.048000
0 0.352266 0.646500 0.053156 0.069000
2 0.496828 0.631750 0.026156 0.058500
2 0.519187 0.638500 0.021937 0.045000
0 0.525094 0.646000 0.018562 0.042000
0 0.544078 0.641500 0.029531 0.060000
0 0.554625 0.655000 0.020250 0.051000
0 0.651656 0.658000 0.075937 0.054000
0 0.585510 0.656700 0.059062 0.087000
0 0.046802 0.630450 0.093604 0.124500
0 0.870697 0.783450 0.256500 0.373500