0 0.276645 0.234901 0.018080 0.024490
0 0.266744 0.254799 0.024107 0.018367
0 0.318833 0.215003 0.009471 0.024490
0 0.304627 0.231840 0.018941 0.036735
0 0.397612 0.244850 0.017219 0.029082
0 0.346384 0.200462 0.009471 0.016837
0 0.042970 0.351228 0.085940 0.220408
0 0.023520 0.210411 0.026690 0.027551
0 0.088523 0.188983 0.043048 0.033673
0 0.182369 0.185922 0.022385 0.018367
0 0.354133 0.228013 0.016358 0.019898
0 0.428176 0.250207 0.028412 0.033673
0 0.358868 0.288473 0.075765 0.094898
0 0.877874 0.264061 0.243422 0.145408