0 0.383428 0.361856 0.011598 0.022680
0 0.378789 0.364949 0.011598 0.032990
0 0.368351 0.364949 0.023196 0.032990
0 0.354433 0.376289 0.016237 0.047423
0 0.339936 0.376289 0.028995 0.055670
0 0.324858 0.383505 0.040593 0.057732
0 0.306302 0.392784 0.035954 0.072165
0 0.286353 0.400000 0.056830 0.086598
0 0.244021 0.409278 0.081186 0.105155
0 0.188583 0.427835 0.113660 0.142268
0 0.086985 0.432990 0.173969 0.292784
0 0.436778 0.362887 0.011598 0.024742
0 0.440258 0.361856 0.011598 0.030928
0 0.451276 0.365979 0.019716 0.035052
0 0.469253 0.373196 0.030155 0.057732
0 0.473312 0.378351 0.019716 0.055670
0 0.489549 0.379382 0.035954 0.065979
0 0.495348 0.390722 0.022036 0.063918
0 0.502307 0.389691 0.038273 0.086598
0 0.537449 0.395876 0.064948 0.119588
0 0.590943 0.415917 0.099454 0.147298
0 0.706547 0.462887 0.192526 0.220619
0 0.009858 0.547079 0.019716 0.217182
0 0.874369 0.541237 0.247036 0.476289
0 0.398273 0.363918 0.025515 0.035052
0 0.422977 0.354227 0.019716 0.025567