0 0.608583 0.594767 0.071374 0.052003
0 0.589862 0.592687 0.073714 0.039522
0 0.556515 0.587487 0.070204 0.045763
0 0.519657 0.596847 0.017551 0.014561
0 0.863073 0.576046 0.060844 0.060324
0 0.888815 0.578126 0.046803 0.060324
0 0.921576 0.569806 0.051483 0.064484
0 0.239747 0.591587 0.015211 0.024961
0 0.126382 0.597858 0.020154 0.024902
2 0.153425 0.592687 0.050313 0.027042
0 0.183847 0.592687 0.036272 0.031202
0 0.216024 0.596847 0.023401 0.022881
0 0.489016 0.594841 0.033493 0.031053
0 0.467736 0.592836 0.008190 0.022881
0 0.459545 0.587635 0.015211 0.020801
0 0.342129 0.580979 0.009361 0.010401
0 0.252033 0.586179 0.011701 0.016641
0 0.261979 0.586179 0.012871 0.020801
0 0.280466 0.584307 0.021763 0.017057
0 0.302346 0.587219 0.011701 0.014561
0 0.969025 0.563714 0.057333 0.083205
0 0.095044 0.596669 0.045816 0.032927