0 0.353501 0.216094 0.015820 0.028125
0 0.387779 0.209062 0.010547 0.023437
0 0.323179 0.217265 0.029004 0.025781
0 0.323179 0.254765 0.029004 0.086719
0 0.234190 0.223125 0.032959 0.056250
0 0.219688 0.239531 0.051416 0.070312
0 0.505113 0.205547 0.015820 0.035156
0 0.544004 0.211406 0.040869 0.051562
0 0.453037 0.180937 0.030322 0.032812
2 0.482700 0.195000 0.029004 0.065625
2 0.531480 0.184453 0.042187 0.091406
0 0.167613 0.250078 0.079102 0.086719
0 0.453697 0.253594 0.084375 0.126562
0 0.603330 0.205547 0.085693 0.133594
2 0.824155 0.218203 0.350683 0.436406