0 0.042680 0.436513 0.085359 0.164338
0 0.152033 0.460041 0.088430 0.079852
0 0.241516 0.449435 0.105976 0.081100
0 0.129224 0.449435 0.094746 0.091081
0 0.323278 0.456120 0.060357 0.057394
0 0.373108 0.451129 0.044917 0.062384
0 0.406094 0.456743 0.033688 0.046165
0 0.428903 0.452376 0.018949 0.037431
0 0.459382 0.441771 0.023160 0.036183
0 0.575183 0.428670 0.013335 0.022458
0 0.567463 0.435533 0.017546 0.023706
0 0.563954 0.439900 0.017546 0.024954
0 0.556936 0.448633 0.025968 0.037431
0 0.510615 0.427423 0.009124 0.014972
0 0.541496 0.421184 0.021757 0.017468
0 0.509613 0.470646 0.055444 0.068623
0 0.587365 0.473765 0.047724 0.084843
1 0.493822 0.419758 0.019651 0.042421
0 0.479083 0.429116 0.016844 0.023706