0 0.591465 0.439922 0.046143 0.030469
0 0.138428 0.445312 0.023730 0.030469
0 0.246533 0.441797 0.013184 0.018750
0 0.257080 0.437109 0.010547 0.018750
0 0.264331 0.440625 0.011865 0.021094
0 0.285425 0.437109 0.009229 0.018750
0 0.296631 0.438281 0.010547 0.021094
0 0.330908 0.440625 0.018457 0.021094
0 0.234668 0.434765 0.015820 0.028125
0 0.365185 0.435770 0.023730 0.039844
2 0.161021 0.435234 0.021094 0.039844
0 0.204238 0.450225 0.077042 0.083889
0 0.356138 0.450468 0.034277 0.046875
0 0.277696 0.441093 0.017139 0.028125
0 0.401621 0.438750 0.022412 0.042187