0 0.303882 0.493359 0.017139 0.016406
0 0.293335 0.506250 0.014502 0.018750
0 0.249170 0.527343 0.023730 0.028125
0 0.217529 0.526172 0.021094 0.035156
0 0.200390 0.532031 0.034277 0.037500
0 0.308496 0.514453 0.021094 0.025781
0 0.364526 0.515625 0.019775 0.023437
0 0.382324 0.510937 0.023730 0.037500
1 0.102832 0.513281 0.152930 0.159375
0 0.334863 0.523828 0.042187 0.049219
0 0.466040 0.494531 0.043506 0.018750
0 0.498999 0.546093 0.069873 0.107812
0 0.429126 0.582421 0.133154 0.175781
0 0.059326 0.583593 0.118652 0.192187