0 0.113560 0.431718 0.021094 0.028125
0 0.187388 0.427031 0.010547 0.018750
0 0.197276 0.435234 0.022412 0.035156
0 0.257920 0.431718 0.014502 0.028125
0 0.238804 0.434062 0.015820 0.023437
0 0.270445 0.441093 0.026367 0.042187
0 0.338999 0.434062 0.018457 0.023437
0 0.357456 0.436406 0.039551 0.028125
0 0.383164 0.439922 0.040869 0.030469
0 0.444468 0.448125 0.102832 0.075000
0 0.041710 0.435234 0.011865 0.021094
0 0.031822 0.437578 0.015820 0.025781
0 0.014683 0.441093 0.023730 0.028125
0 0.131358 0.435234 0.017139 0.021094
0 0.154429 0.430547 0.018457 0.025781
0 0.169590 0.429375 0.014502 0.018750
0 0.221006 0.448125 0.035596 0.051562
0 0.070054 0.458672 0.063281 0.067969
0 0.300108 0.462187 0.059326 0.070312
0 0.648814 0.586406 0.427148 0.487500
0 0.022503 0.537187 0.045005 0.173437