0 0.613503 0.376309 0.027288 0.051283
0 0.545284 0.372151 0.014034 0.056827
0 0.525403 0.370765 0.025728 0.056827
0 0.505522 0.372151 0.015593 0.062372
0 0.485251 0.400565 0.024949 0.083162
0 0.458743 0.410960 0.043660 0.098409
0 0.422880 0.422741 0.031186 0.102567
0 0.384287 0.433829 0.052236 0.130287
0 0.637282 0.377002 0.017152 0.038809
0 0.649757 0.380467 0.010915 0.037423
0 0.672366 0.386704 0.045219 0.063758
0 0.576782 0.399317 0.060812 0.090092
0 0.189298 0.442284 0.249487 0.292454
0 0.342108 0.436047 0.053016 0.169096