0 0.376763 0.742587 0.014622 0.036393
0 0.356780 0.740854 0.011698 0.022529
0 0.335334 0.752118 0.027295 0.041592
0 0.217382 0.759050 0.044841 0.083184
0 0.253450 0.747786 0.033143 0.074519
0 0.289031 0.748652 0.049715 0.079718
0 0.487891 0.749519 0.038018 0.077985
0 0.431840 0.772048 0.111128 0.168100
0 0.105279 0.798043 0.206659 0.272080
0 0.563439 0.746919 0.029244 0.041592
0 0.592683 0.746053 0.027295 0.050257
0 0.616566 0.754718 0.024370 0.036393
0 0.638012 0.755584 0.030219 0.038126
0 0.680416 0.752118 0.058488 0.055456
0 0.709660 0.734788 0.019496 0.034660
0 0.754989 0.754718 0.084808 0.084917
0 0.864859 0.754739 0.081475 0.084874
0 0.956774 0.752118 0.084808 0.083184
0 0.518110 0.737388 0.026320 0.043325