0 0.840184 0.732189 0.317587 0.268614
0 0.645810 0.583152 0.139398 0.102247
0 0.317300 0.629942 0.153045 0.185430
0 0.247601 0.604814 0.058488 0.131707
0 0.212996 0.603948 0.036068 0.088383
0 0.191550 0.589217 0.047766 0.090116
0 0.165717 0.578819 0.023395 0.055456
0 0.150608 0.576220 0.014622 0.050257
0 0.138423 0.576220 0.017547 0.043325
0 0.007311 0.587484 0.014622 0.072786
0 0.020471 0.598749 0.019496 0.057189
0 0.037530 0.597016 0.008773 0.060655
0 0.048740 0.581419 0.015597 0.046791
0 0.065312 0.577953 0.017547 0.032927
0 0.082859 0.578819 0.017547 0.027728
0 0.096993 0.576220 0.010723 0.019063
0 0.109178 0.577953 0.011698 0.015597