0 0.005849 0.557157 0.009748 0.098781
0 0.047766 0.552824 0.056539 0.055456
0 0.187163 0.534628 0.035093 0.064121
0 0.213970 0.528562 0.012673 0.031194
0 0.238341 0.527696 0.041917 0.053723
0 0.287081 0.522497 0.032169 0.039859
0 0.352393 0.513832 0.016572 0.029461
0 0.335334 0.517298 0.005849 0.029461
0 0.552716 0.554557 0.089682 0.117843
0 0.505925 0.525096 0.042892 0.083184
0 0.483505 0.525963 0.015597 0.046791
0 0.472294 0.516432 0.010723 0.027728
0 0.464496 0.509500 0.016572 0.020796
0 0.410882 0.555424 0.096506 0.147304
0 0.743291 0.621278 0.351906 0.344865