0 0.193321 0.503203 0.056689 0.035156
0 0.319224 0.497343 0.031641 0.028125
0 0.427329 0.489140 0.018457 0.025781
0 0.406236 0.487968 0.023730 0.018750
0 0.137291 0.493828 0.042187 0.049219
0 0.054893 0.504375 0.075146 0.079687
0 0.471494 0.489140 0.022412 0.021094
0 0.516319 0.495000 0.014502 0.023437
0 0.526206 0.491484 0.013184 0.021094
0 0.544004 0.491484 0.017139 0.030469
0 0.558506 0.490312 0.019775 0.028125
0 0.573008 0.496172 0.017139 0.025781
0 0.586192 0.500859 0.022412 0.039844
0 0.602012 0.504375 0.019775 0.037500
0 0.613877 0.511406 0.022412 0.042187
0 0.633653 0.511406 0.038232 0.056250
0 0.013933 0.513750 0.027867 0.070312
0 0.563780 0.506718 0.025049 0.028125
0 0.495884 0.505547 0.029004 0.049219
0 0.752305 0.593437 0.283447 0.318750
0 0.937534 0.589921 0.123926 0.171094