0 0.562041 0.380357 0.015497 0.016837
0 0.541808 0.385714 0.007749 0.012245
0 0.534490 0.388010 0.010332 0.019898
0 0.528033 0.390306 0.011193 0.021429
0 0.443658 0.407143 0.019802 0.039796
0 0.424286 0.410204 0.030995 0.045918
0 0.392000 0.415561 0.043909 0.056633
0 0.349812 0.426276 0.055963 0.062755
0 0.548179 0.378521 0.011193 0.016837
0 0.549901 0.391531 0.018080 0.021429
0 0.598546 0.390765 0.010332 0.019898
0 0.605864 0.392296 0.014636 0.019898
0 0.580466 0.389235 0.030995 0.026020
0 0.666563 0.393061 0.018941 0.018367
0 0.505992 0.399184 0.035300 0.055102
0 0.470692 0.419082 0.057685 0.073469
0 0.695093 0.411429 0.061990 0.070408
0 0.170903 0.523470 0.340944 0.321429