0 0.184751 0.554765 0.013184 0.025781
0 0.172227 0.554765 0.011865 0.025781
0 0.148497 0.546562 0.030322 0.042187
0 0.128721 0.550078 0.019775 0.021094
0 0.112901 0.550078 0.017139 0.021094
0 0.091148 0.548906 0.021094 0.018750
0 0.246055 0.554765 0.011865 0.016406
0 0.325157 0.554765 0.019775 0.035156
0 0.355479 0.564140 0.040869 0.044531
0 0.381846 0.540703 0.017139 0.016406
0 0.436558 0.561796 0.026367 0.035156
0 0.056871 0.548906 0.026367 0.032812
0 0.282310 0.580546 0.084375 0.119531
0 0.401621 0.579375 0.064600 0.079687
0 0.506431 0.572343 0.058008 0.056250
0 0.009978 0.548906 0.019957 0.056250
0 0.994224 0.645000 0.010547 0.084375
0 0.238182 0.555108 0.014813 0.018018