0 0.404545 0.324416 0.011698 0.020796
0 0.422092 0.325283 0.009748 0.019063
0 0.429403 0.330482 0.010723 0.029461
0 0.436227 0.333948 0.008773 0.036393
0 0.453286 0.320950 0.029244 0.041592
0 0.452311 0.339146 0.017547 0.046791
0 0.460109 0.347811 0.011698 0.050257
0 0.471807 0.343479 0.013647 0.055456
0 0.480093 0.346078 0.026320 0.077985
0 0.496665 0.343479 0.032169 0.124775
0 0.385537 0.331348 0.010723 0.017330
0 0.378225 0.331348 0.009748 0.031194
0 0.370914 0.331348 0.012673 0.031194
0 0.365553 0.336547 0.015597 0.027728
0 0.358242 0.340013 0.018521 0.038126
0 0.346544 0.343479 0.022421 0.069320
0 0.313888 0.334814 0.062388 0.131707
0 0.298291 0.369474 0.027295 0.100514
0 0.571725 0.344345 0.151095 0.209692
1 0.145246 0.309686 0.288543 0.414185
0 0.838335 0.489050 0.319737 0.429782