0 0.388411 0.465562 0.005509 0.019589
0 0.380147 0.469643 0.012855 0.011427
0 0.290619 0.468827 0.011937 0.013059
0 0.277305 0.469643 0.016528 0.014692
0 0.268582 0.459849 0.010101 0.024486
0 0.093659 0.454135 0.047748 0.039178
0 0.484090 0.467031 0.007346 0.014692
0 0.476744 0.472745 0.014692 0.022854
0 0.455625 0.472745 0.031220 0.052237
0 0.501628 0.471112 0.035811 0.052237
0 0.596573 0.498047 0.125797 0.161608
0 0.419171 0.483192 0.061521 0.097944
0 0.231853 0.468501 0.017446 0.022854
0 0.252972 0.459522 0.032138 0.037545
0 0.193287 0.467684 0.039484 0.040810
0 0.134520 0.468501 0.054175 0.048972
0 0.012855 0.468501 0.025710 0.068561