2 0.162341 0.580979 0.177360 0.217347
0 0.959264 0.662272 0.076626 0.116327
1 0.386145 0.594133 0.049075 0.059694
0 0.457031 0.611480 0.026690 0.022959
0 0.490179 0.619898 0.013776 0.027551
0 0.494484 0.618368 0.015497 0.030612
0 0.503524 0.622959 0.016358 0.039796
0 0.519452 0.626786 0.024107 0.056633
0 0.619755 0.630613 0.038744 0.042857
0 0.322290 0.608674 0.041327 0.052041
0 0.427328 0.610204 0.015497 0.027551
0 0.475973 0.616327 0.016358 0.021429
0 0.549155 0.631633 0.049075 0.073469
0 0.729241 0.678572 0.180804 0.251021