2 0.411090 0.486256 0.028791 0.068246
0 0.385298 0.505450 0.013196 0.029858
0 0.373901 0.507583 0.021594 0.042654
0 0.352308 0.510782 0.028791 0.057583
0 0.321717 0.515047 0.049185 0.087441
0 0.314519 0.518246 0.051585 0.098104
0 0.289926 0.532109 0.057583 0.108768
0 0.196354 0.534241 0.158353 0.202606
0 0.101176 0.595023 0.202352 0.302843
0 0.437483 0.494786 0.011996 0.017062
0 0.445880 0.502251 0.016795 0.023460
0 0.460276 0.510782 0.023993 0.040521
0 0.486068 0.508649 0.029991 0.053318
0 0.528056 0.520379 0.068380 0.106635
0 0.612631 0.527843 0.115166 0.189810
0 0.724197 0.561966 0.235130 0.270853
0 0.907685 0.595023 0.184630 0.328436