0 0.293082 0.467226 0.010189 0.010655
0 0.286189 0.484807 0.019179 0.030900
0 0.272404 0.484274 0.017980 0.036227
0 0.232248 0.497060 0.083909 0.123599
0 0.426437 0.485339 0.029967 0.042620
0 0.452808 0.506117 0.073121 0.090568
0 0.937801 0.517731 0.121668 0.088437
0 0.837111 0.518796 0.066528 0.062865
0 0.806244 0.485233 0.040756 0.025572
0 0.330691 0.532222 0.114476 0.159826
0 0.110880 0.505371 0.218163 0.239740
0 0.683790 0.669750 0.534619 0.532755
0 0.374144 0.480278 0.011987 0.030900
0 0.382834 0.489868 0.013785 0.026638