0 0.527928 0.483297 0.007651 0.011902
0 0.520756 0.485847 0.008608 0.020403
0 0.511192 0.485847 0.010520 0.023804
0 0.503062 0.484997 0.009564 0.028904
0 0.548491 0.480746 0.006695 0.017003
0 0.552795 0.483297 0.007651 0.022103
0 0.559489 0.484997 0.007651 0.022103
0 0.565228 0.485847 0.011477 0.027204
0 0.576704 0.483297 0.017215 0.045907
0 0.729727 0.534304 0.135808 0.188728
0 0.301742 0.476921 0.092770 0.091814
0 0.541079 0.478196 0.008608 0.017003
0 0.466958 0.516452 0.087988 0.120718
0 0.598462 0.479896 0.044950 0.064610
0 0.200364 0.713256 0.400728 0.554282
0 0.874142 0.568735 0.251531 0.384257