0 0.212788 0.431771 0.062440 0.060399
0 0.115576 0.479927 0.231153 0.169770
0 0.356674 0.488090 0.283733 0.261185
0 0.540504 0.469317 0.063358 0.053869
0 0.627276 0.465236 0.060603 0.062031
0 0.691552 0.466868 0.038566 0.042443
0 0.663573 0.461155 0.031220 0.047340
0 0.723258 0.468501 0.027547 0.029383
2 0.749428 0.445647 0.026629 0.048972
0 0.769143 0.461155 0.015610 0.024486
0 0.783375 0.453809 0.014692 0.022854
0 0.808167 0.456258 0.011019 0.021221
0 0.883462 0.456258 0.012855 0.014692
0 0.901827 0.459522 0.011019 0.011427
0 0.857752 0.452993 0.007346 0.011427
0 0.843060 0.448096 0.009182 0.011427
0 0.832041 0.459522 0.014692 0.017956
0 0.893563 0.463603 0.009182 0.019589
0 0.912386 0.465236 0.015610 0.016324
0 0.872443 0.473398 0.027547 0.039178
0 0.973449 0.475030 0.029383 0.026119
0 0.937638 0.461155 0.016528 0.027751
0 0.949575 0.466868 0.011019 0.026119