0 0.366232 0.532720 0.011701 0.010401
0 0.354531 0.534800 0.011701 0.018721
0 0.345171 0.534800 0.014041 0.022881
0 0.336980 0.538960 0.018721 0.022881
0 0.319429 0.544161 0.014041 0.020801
0 0.314164 0.553521 0.012871 0.018721
0 0.279062 0.541040 0.045633 0.056163
0 0.255660 0.552481 0.026912 0.045763
0 0.205347 0.547281 0.094776 0.081125
0 0.098871 0.553729 0.143919 0.127304
0 0.028813 0.575050 0.057626 0.120855
0 0.431405 0.533292 0.013339 0.019241
0 0.439829 0.533552 0.010531 0.022881
0 0.450009 0.532720 0.011701 0.022881
0 0.458199 0.531680 0.014041 0.024961
0 0.520798 0.540000 0.026912 0.041602
0 0.534839 0.541040 0.022231 0.047843
0 0.558240 0.543121 0.040952 0.052003
0 0.584567 0.547281 0.044463 0.056163
0 0.624349 0.552481 0.042123 0.062404
0 0.816709 0.570370 0.131048 0.115655
0 0.928597 0.567725 0.140408 0.189291
0 0.679957 0.546924 0.090095 0.093606
0 0.402065 0.554205 0.065524 0.104006