2 0.935328 0.508633 0.125750 0.150770
0 0.806653 0.499102 0.092607 0.076252
0 0.696988 0.495636 0.107229 0.110911
0 0.496177 0.464442 0.058488 0.090116
0 0.233466 0.453177 0.069211 0.064121
0 0.282694 0.448845 0.038992 0.058922
0 0.312426 0.444512 0.034118 0.064121
0 0.340208 0.447112 0.021446 0.041592
0 0.354343 0.442779 0.030219 0.043325
0 0.369940 0.444512 0.010723 0.032927
0 0.430378 0.445379 0.030219 0.041592
0 0.402108 0.436714 0.032169 0.048524
0 0.623390 0.467908 0.047766 0.069320
0 0.526396 0.450578 0.015597 0.034660
0 0.590734 0.454910 0.027295 0.025995
0 0.576111 0.451444 0.015597 0.029461
0 0.562952 0.453177 0.016572 0.029461
0 0.551741 0.448845 0.007798 0.024262
0 0.545892 0.445379 0.007798 0.017330
2 0.534682 0.437580 0.020471 0.036393
0 0.454748 0.438447 0.010723 0.027728
0 0.329325 0.718706 0.001366 0.019424
0 0.457025 0.410169 0.024584 0.012140
0 0.449513 0.393172 0.020487 0.016996