0 0.039967 0.569288 0.079934 0.133440
0 0.759863 0.605940 0.459134 0.531509
0 0.133061 0.566688 0.090657 0.086650
0 0.284644 0.550225 0.058488 0.067587
0 0.368477 0.530295 0.101380 0.149037
0 0.200323 0.556290 0.065312 0.065854
0 0.236878 0.563222 0.013647 0.038126
0 0.249551 0.558023 0.019496 0.041592
1 0.430865 0.503434 0.054589 0.116110
0 0.528346 0.535494 0.046791 0.128241
0 0.511774 0.533761 0.013647 0.110911
0 0.500076 0.525963 0.019496 0.050257
0 0.499589 0.520764 0.030219 0.074519
0 0.482530 0.527696 0.013647 0.046791
0 0.464009 0.540693 0.009748 0.034660
0 0.321687 0.538094 0.007798 0.046791