0 0.254624 0.512578 0.021094 0.016406
0 0.195958 0.507890 0.038232 0.016406
0 0.159703 0.505547 0.029004 0.016406
0 0.099058 0.502031 0.060644 0.018750
2 0.325816 0.506718 0.023730 0.028125
0 0.476768 0.530156 0.011865 0.018750
2 0.456333 0.523125 0.010547 0.023437
0 0.503135 0.539531 0.040869 0.056250
0 0.521592 0.558281 0.038232 0.056250
0 0.027867 0.495000 0.050098 0.023437
0 0.467539 0.532500 0.014502 0.023437
0 0.375254 0.538359 0.038232 0.063281
0 0.431944 0.560625 0.056689 0.089062
0 0.585532 0.562968 0.121289 0.159375
0 0.279673 0.571171 0.100195 0.114844