1 0.090924 0.387119 0.181848 0.187748
0 0.984975 0.644603 0.027156 0.223510
0 0.421227 0.427351 0.076440 0.121589
0 0.268849 0.395166 0.067388 0.092980
2 0.530858 0.411258 0.070406 0.100132
0 0.304555 0.382649 0.026151 0.053642
0 0.323665 0.373709 0.030174 0.050066
0 0.328694 0.355828 0.030174 0.046490
0 0.410163 0.365662 0.024139 0.033974
0 0.435308 0.360298 0.024139 0.023245
0 0.389544 0.352252 0.021122 0.032185
0 0.499679 0.396060 0.026151 0.066159
0 0.481072 0.385331 0.027156 0.044702
0 0.472019 0.377285 0.023133 0.042914
0 0.458441 0.378179 0.016093 0.041126
2 0.352330 0.338841 0.033191 0.069735
2 0.384012 0.335265 0.028162 0.033974
2 0.407649 0.339735 0.027156 0.032185
0 0.701844 0.384437 0.064371 0.050066
0 0.737046 0.393377 0.068394 0.060795
0 0.777781 0.403212 0.091527 0.073311
0 0.855227 0.418411 0.097562 0.089404
0 0.930159 0.427351 0.136788 0.089404
0 0.950778 0.505903 0.097456 0.141376