0 0.596358 0.255855 0.011701 0.008320
0 0.594603 0.266256 0.012871 0.016641
0 0.589338 0.276657 0.014041 0.016641
0 0.582317 0.283937 0.014041 0.014561
0 0.578222 0.293298 0.019891 0.016641
0 0.575297 0.302658 0.018721 0.010401
0 0.571201 0.257935 0.012871 0.016641
0 0.558331 0.262096 0.010531 0.012481
0 0.567691 0.274576 0.017551 0.016641
0 0.545460 0.273536 0.015211 0.018721
0 0.553065 0.322419 0.016381 0.029122
0 0.571786 0.319299 0.018721 0.027042
0 0.584072 0.318259 0.010531 0.020801
0 0.592263 0.320339 0.012871 0.016641
0 0.574712 0.345301 0.024571 0.024961
0 0.595773 0.349461 0.029252 0.041602
0 0.618589 0.354661 0.053823 0.060324
0 0.665977 0.368182 0.064354 0.079045
0 0.551895 0.292258 0.014041 0.018721
0 0.515038 0.274576 0.012871 0.016641
0 0.515038 0.297458 0.019891 0.029122
0 0.471745 0.351541 0.040952 0.062404
0 0.561841 0.360902 0.029252 0.060324
0 0.804630 0.361942 0.079565 0.133128
0 0.518548 0.372342 0.085415 0.112327
0 0.757828 0.377543 0.145089 0.135208
0 0.933338 0.379623 0.131048 0.239214