0 0.352880 0.629076 0.029244 0.034660
0 0.513724 0.636874 0.035093 0.053723
0 0.928504 0.664602 0.080909 0.067587
0 0.009748 0.639474 0.017547 0.034660
0 0.025832 0.622144 0.018521 0.027728
0 0.079447 0.630809 0.086758 0.062388
0 0.147196 0.635141 0.044841 0.039859
0 0.272459 0.629076 0.041917 0.027728
0 0.983094 0.652471 0.030219 0.043325
0 0.705761 0.636874 0.019496 0.022529
0 0.766686 0.640340 0.032169 0.029461
0 0.819326 0.644673 0.038018 0.027728
0 0.795443 0.641207 0.011698 0.027728
0 0.747678 0.637741 0.017547 0.020796
0 0.676517 0.629942 0.038992 0.032927
0 0.650684 0.637741 0.022421 0.020796
0 0.635087 0.635141 0.024370 0.029461
0 0.539069 0.622144 0.009748 0.017330
0 0.610230 0.632542 0.023395 0.024262