0 0.049935 0.654199 0.093606 0.081125
0 0.697569 0.652119 0.097116 0.110247
0 0.653691 0.643799 0.028082 0.060324
0 0.632630 0.631318 0.035102 0.089445
0 0.614494 0.633398 0.026912 0.081125
0 0.595773 0.629238 0.026912 0.060324
0 0.578222 0.625077 0.019891 0.043683
0 0.568861 0.625077 0.024571 0.047843
0 0.556576 0.621957 0.014041 0.029122
0 0.541365 0.615717 0.021061 0.033282
0 0.498072 0.614677 0.023401 0.035362
0 0.473501 0.610517 0.018721 0.022881
0 0.373984 0.619134 0.016381 0.027042
0 0.395996 0.625375 0.014480 0.031202
0 0.424662 0.603756 0.008629 0.026002
0 0.341807 0.625969 0.026912 0.035362
0 0.412596 0.616608 0.011701 0.020801
0 0.437752 0.605168 0.012871 0.014561
0 0.526648 0.609359 0.014587 0.027458