0 0.938515 0.371269 0.093730 0.082745
0 0.897971 0.363230 0.044652 0.047423
0 0.876224 0.373540 0.024356 0.055670
0 0.836791 0.370447 0.045232 0.065979
0 0.805477 0.375601 0.022036 0.059794
0 0.761985 0.374571 0.034794 0.037113
0 0.617397 0.384193 0.032474 0.045361
0 0.667123 0.380069 0.049968 0.052234
0 0.701965 0.379382 0.022036 0.053608
0 0.652577 0.375945 0.016237 0.028866
0 0.590625 0.374227 0.022036 0.039175
0 0.569169 0.374227 0.023196 0.035052
0 0.549984 0.370447 0.017494 0.028866
0 0.532345 0.370447 0.023196 0.037113
0 0.502191 0.377320 0.032474 0.034364
0 0.459278 0.374571 0.025515 0.041237
0 0.476095 0.376632 0.015077 0.032990
0 0.439562 0.374571 0.018557 0.045361
0 0.424485 0.375601 0.011598 0.030928
0 0.401869 0.376632 0.019716 0.032990
0 0.367655 0.379382 0.018557 0.028866
0 0.346778 0.379656 0.020876 0.026942
0 0.323583 0.378694 0.027835 0.032990
0 0.385052 0.380756 0.011598 0.024742
0 0.288789 0.380619 0.023196 0.028866
0 0.730228 0.362467 0.018446 0.039219
0 0.150591 0.392763 0.039069 0.055040
0 0.254532 0.383753 0.028910 0.032307
0 0.222101 0.382032 0.033634 0.028866
0 0.071756 0.388907 0.039131 0.021997