0 0.438841 0.608410 0.017193 0.020377
0 0.430245 0.613505 0.014328 0.020377
0 0.422364 0.617325 0.018626 0.022925
0 0.410186 0.614778 0.020059 0.033113
0 0.399440 0.621146 0.021492 0.035660
0 0.380814 0.622420 0.027223 0.048396
0 0.360038 0.628788 0.028656 0.045849
0 0.337114 0.627514 0.037252 0.073868
0 0.296279 0.644071 0.067341 0.076415
0 0.458184 0.607137 0.010029 0.022925
0 0.464631 0.610957 0.011462 0.020377
0 0.472512 0.610957 0.012895 0.020377
0 0.622238 0.630061 0.108892 0.145189
0 0.699608 0.661901 0.126085 0.188491
0 0.862823 0.718794 0.271984 0.322654
0 0.971837 0.826193 0.054446 0.292925
2 0.511913 0.598403 0.040118 0.084057
0 0.491138 0.613687 0.015761 0.022925