0 0.551254 0.585231 0.006824 0.015597
0 0.543943 0.587831 0.007798 0.020796
0 0.537607 0.592163 0.016572 0.015597
0 0.526396 0.593896 0.011698 0.015597
0 0.514699 0.598229 0.011698 0.024262
0 0.505438 0.599962 0.016572 0.027728
0 0.493740 0.600828 0.016572 0.039859
0 0.469370 0.618158 0.049715 0.126508
0 0.319737 0.601695 0.035093 0.058922
0 0.294392 0.609493 0.046791 0.060655
0 0.581473 0.590430 0.010723 0.022529
0 0.591221 0.596496 0.012673 0.031194
0 0.600482 0.600828 0.021446 0.039859
0 0.610230 0.607760 0.015597 0.043325
0 0.617053 0.612093 0.023395 0.055456
0 0.563926 0.601695 0.030219 0.045058
0 0.645810 0.612959 0.057514 0.081451
0 0.404058 0.629423 0.133549 0.169833
0 0.153532 0.697876 0.307064 0.538960
0 0.896823 0.697876 0.204710 0.441913