0 0.458759 0.432282 0.009366 0.017932
0 0.440027 0.425878 0.028098 0.033302
0 0.419854 0.432282 0.010807 0.023055
0 0.409407 0.431641 0.014409 0.026898
0 0.400041 0.431641 0.014409 0.029459
0 0.389954 0.433563 0.015850 0.038425
0 0.381669 0.438686 0.018012 0.038425
0 0.370141 0.420114 0.013689 0.016651
0 0.364738 0.440607 0.024496 0.049953
0 0.344204 0.444450 0.033862 0.057638
0 0.314305 0.455977 0.060519 0.073008
0 0.482535 0.432282 0.013689 0.020493
0 0.501807 0.428055 0.012248 0.038425
0 0.512974 0.429976 0.024496 0.044829
0 0.515496 0.444066 0.016571 0.044829
0 0.530986 0.445346 0.036023 0.067884
0 0.542874 0.454312 0.054035 0.075569
0 0.601448 0.423060 0.014409 0.026898
0 0.604330 0.427543 0.012968 0.023055
0 0.616578 0.431385 0.023055 0.025617
0 0.662688 0.424341 0.056197 0.065323
0 0.695469 0.430745 0.010807 0.029459
0 0.746263 0.424341 0.099425 0.121679
0 0.803900 0.428183 0.024496 0.044829
0 0.825514 0.424341 0.030260 0.037144
0 0.859016 0.423060 0.036744 0.042268
0 0.888195 0.428824 0.028819 0.030740
0 0.907648 0.425622 0.012968 0.026898
0 0.917734 0.429464 0.012968 0.029459
0 0.960963 0.430745 0.076370 0.096063
0 0.155621 0.412215 0.017291 0.024336
0 0.138690 0.425664 0.035303 0.043548
0 0.101226 0.430147 0.022335 0.029459
0 0.084655 0.428226 0.023776 0.030740
0 0.072407 0.430788 0.026657 0.023055