0 0.012095 0.597403 0.024191 0.029917
0 0.228233 0.595066 0.054692 0.157064
0 0.531142 0.563747 0.012621 0.016828
0 0.535349 0.570291 0.010518 0.022438
0 0.563221 0.566552 0.013673 0.029917
0 0.581627 0.567486 0.031553 0.046745
0 0.604240 0.556268 0.013673 0.028047
0 0.669975 0.562812 0.039967 0.056094
0 0.631060 0.582445 0.073624 0.076662
0 0.717305 0.591794 0.103073 0.095360
2 0.593091 0.535700 0.028398 0.016828
0 0.476450 0.576835 0.029449 0.102839
0 0.090452 0.638539 0.180904 0.168283
0 0.353318 0.680343 0.310271 0.452493
0 0.865754 0.612095 0.208250 0.158934