0 0.025113 0.239528 0.050226 0.051024
0 0.499872 0.243071 0.021526 0.025512
0 0.466189 0.282756 0.015546 0.021260
0 0.452436 0.279567 0.028701 0.031890
0 0.442869 0.295512 0.031093 0.051024
0 0.426725 0.261496 0.020330 0.012756
2 0.522793 0.277441 0.027505 0.048898
0 0.544917 0.277087 0.016742 0.038268
0 0.564848 0.270000 0.021526 0.034016
1 0.610689 0.275669 0.078927 0.127559
0 0.569432 0.313228 0.058597 0.072283
0 0.490106 0.291614 0.051422 0.087165
0 0.405598 0.306496 0.070556 0.087165
2 0.762245 0.272126 0.176988 0.059528
0 0.722303 0.284882 0.045443 0.042520
0 0.824430 0.311457 0.062185 0.065906
0 0.850739 0.297638 0.066969 0.068032
1 0.923089 0.270000 0.108824 0.034016
2 0.948800 0.295512 0.098061 0.059528
2 0.885928 0.326604 0.063202 0.091949
0 0.761647 0.353976 0.147092 0.142441