0 0.307049 0.371188 0.031582 0.041174
0 0.321436 0.369316 0.011229 0.024954
0 0.328454 0.365573 0.009826 0.022458
0 0.368809 0.364325 0.013335 0.024954
0 0.381091 0.366821 0.021055 0.032440
0 0.396531 0.366821 0.023862 0.044917
0 0.417586 0.371811 0.036495 0.062384
0 0.293714 0.380545 0.034389 0.047412
0 0.267746 0.389903 0.034389 0.073614
0 0.459906 0.372435 0.075095 0.106054
0 0.474644 0.391151 0.040004 0.101063
0 0.536545 0.379298 0.118608 0.189649
0 0.211249 0.400196 0.112292 0.143484
0 0.655154 0.407526 0.216162 0.266070
0 0.077087 0.477657 0.154175 0.403835
0 0.841730 0.458734 0.315821 0.543992