0 0.457694 0.554398 0.009466 0.020568
0 0.450331 0.554398 0.015776 0.024307
0 0.439814 0.555333 0.015776 0.029917
0 0.423511 0.560942 0.025242 0.041136
0 0.396691 0.563747 0.045226 0.061704
0 0.346206 0.569356 0.062054 0.114058
0 0.254177 0.584315 0.151454 0.181371
0 0.496609 0.558137 0.007362 0.016828
0 0.507127 0.558137 0.015776 0.020568
0 0.517644 0.563747 0.015776 0.028047
0 0.532369 0.571226 0.017880 0.024307
0 0.565500 0.580575 0.052588 0.061704
0 0.658581 0.602078 0.080986 0.134626
0 0.736954 0.635442 0.188266 0.186981
0 0.054357 0.644791 0.106228 0.377701