0 0.264734 0.415876 0.059982 0.055450
0 0.214949 0.435071 0.046786 0.042654
0 0.168762 0.439336 0.055184 0.059716
0 0.108180 0.457464 0.085175 0.074645
0 0.043593 0.515047 0.087187 0.104502
0 0.465074 0.379621 0.028791 0.042654
0 0.563445 0.354028 0.033590 0.046919
0 0.417688 0.363625 0.010797 0.019194
0 0.433884 0.368957 0.009597 0.038389
0 0.444680 0.366824 0.011996 0.025592
0 0.505862 0.355095 0.014396 0.027725
0 0.527456 0.349763 0.011996 0.017062
0 0.680410 0.386019 0.077977 0.081043
0 0.886118 0.611015 0.226758 0.410156