0 0.140860 0.606547 0.038018 0.055456
0 0.657995 0.593550 0.033143 0.036393
0 0.680903 0.595283 0.010723 0.019063
0 0.762300 0.594416 0.044841 0.027728
0 0.627289 0.588351 0.036068 0.046791
0 0.557590 0.588351 0.046791 0.050257
0 0.520060 0.596149 0.028269 0.038126
0 0.088220 0.603081 0.073111 0.083184
0 0.709173 0.595283 0.047766 0.057189
0 0.589271 0.603948 0.057514 0.064121
0 0.460597 0.648139 0.131599 0.194095
0 0.229080 0.620411 0.157919 0.149037
1 0.571237 0.569288 0.093582 0.074519
1 0.458647 0.544159 0.082859 0.055456
1 0.268072 0.561489 0.224206 0.162901