0 0.650346 0.519143 0.064397 0.075945
0 0.554707 0.520277 0.022953 0.039673
0 0.518683 0.527078 0.017215 0.032872
0 0.505612 0.513476 0.014027 0.037406
0 0.428145 0.467002 0.014665 0.012469
0 0.416030 0.472103 0.015940 0.015869
0 0.444722 0.470970 0.015940 0.015869
0 0.431651 0.474937 0.014027 0.019270
0 0.390208 0.472103 0.015302 0.015869
0 0.388933 0.489672 0.008926 0.021537
0 0.405510 0.524244 0.017853 0.031738
0 0.358966 0.480604 0.012752 0.019270
0 0.350358 0.480604 0.013389 0.028338
0 0.334099 0.489106 0.015302 0.022670
0 0.321666 0.487972 0.013389 0.018136
0 0.313059 0.504408 0.011477 0.019270
0 0.305089 0.498740 0.012114 0.014736
0 0.362472 0.498174 0.017215 0.018136
0 0.326448 0.535012 0.031880 0.051008
0 0.386701 0.508375 0.010839 0.018136
0 0.277672 0.544647 0.066947 0.070277
0 0.200842 0.554849 0.100740 0.115617
0 0.243242 0.528778 0.021041 0.018136
2 0.412205 0.489672 0.015940 0.019270
0 0.365023 0.541813 0.058021 0.071411
0 0.453967 0.558249 0.103290 0.154156
0 0.110941 0.684635 0.221245 0.414861