0 0.752785 0.583302 0.146144 0.101887
0 0.655356 0.701746 0.048715 0.053491
0 0.658938 0.617689 0.027223 0.053491
0 0.560219 0.560378 0.017193 0.028019
0 0.578128 0.569293 0.018626 0.030566
0 0.592456 0.576934 0.015761 0.025472
0 0.604635 0.579482 0.020059 0.020377
0 0.497176 0.610048 0.017193 0.020377
0 0.497176 0.622784 0.022925 0.030566
2 0.464222 0.618963 0.031521 0.053491
2 0.446312 0.617689 0.021492 0.086604
2 0.403329 0.604953 0.084534 0.163019
0 0.489296 0.659718 0.038685 0.056038
0 0.336704 0.682642 0.094564 0.117170
0 0.040646 0.866039 0.081293 0.264906