0 0.803479 0.510254 0.296886 0.266949
0 0.542862 0.428542 0.052637 0.064880
0 0.112415 0.479353 0.160263 0.164006
0 0.297223 0.422928 0.056848 0.076109
0 0.016493 0.535844 0.032986 0.142237
0 0.267934 0.419134 0.022458 0.036183
0 0.337415 0.413520 0.032284 0.049908
0 0.387595 0.396676 0.018949 0.031192
0 0.397070 0.398548 0.007018 0.024954
0 0.401632 0.392309 0.009124 0.022458
0 0.520591 0.411024 0.040706 0.069871
0 0.498133 0.402291 0.023862 0.044917
0 0.485500 0.403538 0.014037 0.037431
0 0.478131 0.399171 0.010527 0.023706
0 0.473569 0.393557 0.011229 0.024954
0 0.411796 0.385224 0.011229 0.018715
0 0.420920 0.382729 0.008422 0.013725
0 0.439518 0.377738 0.006316 0.011229
0 0.448642 0.377114 0.009124 0.012477
0 0.462327 0.384600 0.009826 0.017468
0 0.430811 0.378050 0.007720 0.012477