0 0.021446 0.499968 0.042892 0.091849
0 0.052640 0.477439 0.037043 0.095315
0 0.274408 0.443646 0.057514 0.090116
0 0.193987 0.467041 0.150120 0.126508
0 0.332897 0.432381 0.039967 0.071053
0 0.373839 0.433248 0.088708 0.100514
0 0.422579 0.423716 0.024370 0.060655
0 0.444512 0.415052 0.029244 0.050257
0 0.463034 0.410719 0.017547 0.034660
0 0.715996 0.417651 0.075060 0.093582
0 0.881226 0.466175 0.169617 0.152503
2 0.579523 0.389057 0.039967 0.077985
0 0.517136 0.418518 0.047766 0.074519
0 0.481903 0.399671 0.016986 0.039079
0 0.542853 0.395230 0.016986 0.026645