0 0.368829 0.563713 0.025633 0.038819
0 0.333228 0.566244 0.026582 0.030380
0 0.301899 0.568776 0.017089 0.038819
0 0.445253 0.566244 0.015190 0.030380
0 0.269620 0.564557 0.074051 0.128270
0 0.067405 0.554430 0.100633 0.168776
0 0.409177 0.591561 0.075949 0.108017
0 0.470886 0.571308 0.049367 0.081013
1 0.516455 0.557806 0.041772 0.074262
1 0.561550 0.544304 0.057911 0.104641
0 0.537934 0.589658 0.052450 0.063704
0 0.702057 0.641098 0.256329 0.339743
1 0.962183 0.532489 0.072152 0.124894
0 0.945095 0.660759 0.106329 0.236287