0 0.365425 0.534326 0.032520 0.039062
0 0.332906 0.540576 0.020215 0.020312
0 0.305660 0.539795 0.027246 0.031250
0 0.275777 0.547607 0.041309 0.031250
0 0.216890 0.546826 0.055371 0.039062
0 0.155806 0.562451 0.072070 0.070312
0 0.068355 0.564795 0.097559 0.100000
0 0.460787 0.530420 0.008789 0.015625
0 0.471333 0.528857 0.012305 0.025000
0 0.483199 0.525732 0.013184 0.028125
0 0.495064 0.522607 0.012305 0.031250
0 0.510005 0.524951 0.029883 0.035937
0 0.583394 0.540576 0.037793 0.073437
0 0.639204 0.541357 0.086133 0.115625
0 0.776314 0.558545 0.182812 0.184375
0 0.424312 0.526514 0.025488 0.032812