0 0.322516 0.612479 0.035811 0.026119
0 0.567592 0.627987 0.012855 0.021221
0 0.551982 0.631252 0.016528 0.017956
0 0.539126 0.615744 0.020201 0.019589
0 0.673113 0.623188 0.017446 0.027751
0 0.701578 0.635431 0.021119 0.022854
0 0.649643 0.660980 0.031329 0.024979
0 0.559252 0.653388 0.028465 0.032648
0 0.271510 0.641327 0.048214 0.036735
0 0.764541 0.616072 0.016358 0.016837
0 0.839446 0.631378 0.016358 0.013776
0 0.900144 0.639796 0.015497 0.015306
0 0.953524 0.652041 0.012054 0.015306
0 0.931139 0.648980 0.013776 0.015306
0 0.979784 0.655102 0.012915 0.018367
0 0.994851 0.657398 0.006888 0.029082