0 0.476411 0.534977 0.024030 0.027399
0 0.456845 0.530175 0.018661 0.019140
0 0.436390 0.527623 0.025121 0.026796
0 0.418446 0.532727 0.029428 0.039556
0 0.404091 0.530813 0.035170 0.043384
0 0.393684 0.535279 0.030145 0.044660
0 0.363897 0.534641 0.063879 0.056144
0 0.347748 0.542935 0.041629 0.047212
0 0.330163 0.542935 0.048089 0.054868
0 0.308272 0.548677 0.074646 0.066352
0 0.172618 0.571007 0.106226 0.103355
0 0.083259 0.583129 0.131348 0.125047
0 0.024044 0.596527 0.047371 0.108459
0 0.530773 0.536555 0.020097 0.031900
0 0.550511 0.538469 0.019379 0.025520
0 0.566660 0.535279 0.021532 0.047212
0 0.591782 0.533365 0.033016 0.061248
0 0.633052 0.544849 0.062444 0.071456
0 0.667504 0.574835 0.068186 0.088044
0 0.912255 0.615667 0.170106 0.238611
1 0.261618 0.516777 0.030145 0.063800
1 0.307554 0.511035 0.060291 0.042108
1 0.202763 0.517415 0.084694 0.067628