0 0.280745 0.789378 0.230055 0.244352
0 0.423554 0.683665 0.063363 0.077985
0 0.560515 0.699262 0.103330 0.126508
0 0.731593 0.719192 0.166692 0.225289
0 0.919244 0.752985 0.159868 0.233954
0 0.902185 0.649872 0.092607 0.072786
0 0.820788 0.665469 0.085783 0.131707
0 0.622902 0.657670 0.038992 0.057189
0 0.508362 0.666335 0.047766 0.060655
0 0.117952 0.677600 0.087733 0.058922
0 0.176928 0.668068 0.043866 0.029461
0 0.169617 0.674134 0.009748 0.027728
0 0.204710 0.662869 0.029244 0.036393
0 0.222256 0.656804 0.015597 0.020796
0 0.239315 0.654204 0.030219 0.019063
0 0.248089 0.647272 0.045816 0.022529
0 0.304140 0.640340 0.031194 0.015597
0 0.328023 0.634275 0.018521 0.013864
0 0.359704 0.640340 0.025345 0.012131
0 0.409419 0.655937 0.035093 0.039859
0 0.535657 0.625610 0.014622 0.013864
0 0.569288 0.627343 0.019496 0.013864