0 0.420272 0.541837 0.030995 0.036735
0 0.389277 0.548725 0.022385 0.038265
0 0.357134 0.551754 0.047066 0.065881
0 0.293279 0.564796 0.085236 0.070408
0 0.189962 0.580668 0.107621 0.142747
0 0.465042 0.538010 0.037883 0.053571
0 0.546404 0.542602 0.021524 0.047449
0 0.563881 0.539541 0.027551 0.078061
0 0.581101 0.553317 0.020663 0.065816
0 0.513945 0.547194 0.055102 0.075000
2 0.645846 0.530357 0.117092 0.182143
0 0.067705 0.567857 0.135172 0.235714
0 0.943802 0.531531 0.109737 0.149183
0 0.439830 0.535641 0.018932 0.026177