0 0.083016 0.603305 0.165604 0.170847
0 0.227598 0.616271 0.126992 0.123559
0 0.293239 0.575847 0.040328 0.054915
0 0.324129 0.578898 0.031748 0.045763
0 0.350192 0.567022 0.026600 0.039661
0 0.378324 0.558632 0.025742 0.032034
0 0.400633 0.560920 0.018877 0.021356
0 0.417794 0.557106 0.018877 0.022881
0 0.521986 0.550460 0.013729 0.024407
0 0.536144 0.554274 0.014587 0.028983
0 0.555879 0.558087 0.023167 0.036610
0 0.584624 0.558087 0.041186 0.051864
0 0.625381 0.561901 0.045477 0.065593
0 0.661419 0.568002 0.042044 0.071695
0 0.764385 0.587070 0.210222 0.164746
0 0.911970 0.632724 0.172468 0.199830