0 0.470281 0.599475 0.012745 0.020769
0 0.454881 0.596643 0.011683 0.022657
0 0.446385 0.600419 0.007434 0.026434
0 0.437888 0.607028 0.009559 0.028322
0 0.426206 0.612692 0.013807 0.035874
0 0.406026 0.611748 0.026552 0.052867
0 0.394875 0.619300 0.019117 0.052867
0 0.374696 0.621189 0.033986 0.067972
0 0.344427 0.641014 0.069034 0.088741
0 0.488336 0.602307 0.014869 0.030210
0 0.500019 0.608916 0.012745 0.035874
0 0.512233 0.614580 0.020179 0.050979
0 0.534005 0.624021 0.027614 0.073636
0 0.567991 0.642902 0.074344 0.096294
0 0.953520 0.637238 0.091337 0.118951