0 0.592185 0.493269 0.017973 0.021302
0 0.612405 0.487944 0.020969 0.026627
0 0.631502 0.484615 0.017224 0.025296
0 0.646480 0.481953 0.009736 0.019970
0 0.693660 0.481953 0.020220 0.035947
0 0.705642 0.475961 0.029207 0.042604
0 0.733351 0.478624 0.044185 0.074556
0 0.767051 0.485281 0.060660 0.093195
0 0.571591 0.484615 0.018722 0.022633
0 0.559234 0.491272 0.016476 0.025296
0 0.541635 0.493269 0.017224 0.026627
0 0.510556 0.491272 0.061409 0.051923
0 0.282144 0.493269 0.077885 0.069231
0 0.388487 0.493935 0.061409 0.041272
0 0.077793 0.519030 0.151084 0.107439
0 0.436790 0.497929 0.054669 0.062574
0 0.816103 0.497263 0.104845 0.109172
0 0.031282 0.504340 0.055879 0.071321
0 0.668496 0.487420 0.034387 0.043302