0 0.317988 0.314250 0.011602 0.018750
0 0.289512 0.311437 0.009492 0.016875
0 0.275273 0.314250 0.014766 0.018750
0 0.242578 0.329250 0.014766 0.026250
0 0.226758 0.340500 0.021094 0.048750
0 0.377578 0.320812 0.012656 0.016875
0 0.437168 0.354375 0.030586 0.045000
0 0.458789 0.360000 0.046406 0.052500
0 0.579023 0.357187 0.040078 0.035625
0 0.589570 0.365625 0.018984 0.030000
0 0.804726 0.364375 0.040078 0.052500
0 0.910722 0.381250 0.041133 0.048750
0 0.947636 0.373682 0.041133 0.044863
0 0.773613 0.352187 0.032695 0.043125
0 0.845859 0.355000 0.046406 0.026250
0 0.714551 0.367187 0.142383 0.091875
0 0.354902 0.316562 0.011602 0.016875
2 0.336445 0.302500 0.031641 0.033750
2 0.794852 0.321937 0.110742 0.080625
0 0.193153 0.338812 0.056953 0.073125
0 0.345555 0.352875 0.036914 0.052500
0 0.389325 0.322875 0.016875 0.022500
0 0.519051 0.359437 0.080156 0.114375
0 0.862734 0.405937 0.128672 0.118125
0 0.970501 0.412993 0.058951 0.101250