0 0.239941 0.394922 0.018457 0.021094
0 0.228076 0.413672 0.013184 0.030469
0 0.042187 0.448828 0.084375 0.100781
2 0.275537 0.385547 0.047461 0.049219
0 0.305859 0.393750 0.013184 0.023437
0 0.324316 0.392578 0.021094 0.021094
0 0.347387 0.390234 0.027686 0.035156
0 0.149634 0.452343 0.167432 0.210937
0 0.437695 0.369140 0.023730 0.016406
0 0.444946 0.393750 0.038232 0.042187
0 0.469336 0.383203 0.010547 0.025781
0 0.481201 0.383203 0.013184 0.025781
0 0.494384 0.383203 0.010547 0.025781
0 0.507568 0.379687 0.018457 0.037500
2 0.550415 0.365625 0.069873 0.107812
0 0.399463 0.410156 0.060644 0.084375
0 0.736962 0.406640 0.171387 0.171094
0 0.941835 0.376172 0.116016 0.091406