0 0.042369 0.407109 0.084375 0.189844
0 0.156407 0.425390 0.119971 0.124219
0 0.220347 0.431250 0.121289 0.121875
0 0.305381 0.393750 0.051416 0.089062
0 0.342295 0.390234 0.030322 0.035156
0 0.383824 0.385547 0.021094 0.025781
0 0.406236 0.393750 0.015820 0.028125
0 0.458311 0.389062 0.035596 0.037500
0 0.506431 0.389062 0.036914 0.056250
0 0.576304 0.398437 0.047461 0.112500
0 0.616514 0.377343 0.072510 0.229687
0 0.807676 0.411328 0.196435 0.255469
1 0.935922 0.313682 0.124513 0.505488
0 0.422715 0.405468 0.017139 0.032812
0 0.373936 0.358594 0.027686 0.028125