0 0.311660 0.643125 0.020039 0.026250
0 0.330117 0.634687 0.029531 0.035625
0 0.360176 0.628125 0.036914 0.060000
0 0.392344 0.623437 0.042187 0.061875
0 0.431367 0.608437 0.054844 0.095625
0 0.479355 0.612187 0.070664 0.080625
0 0.543691 0.608437 0.085430 0.106875
0 0.659707 0.601875 0.184570 0.183750
0 0.131836 0.652187 0.080156 0.061875
0 0.067500 0.649375 0.059062 0.075000
0 0.022148 0.645000 0.042187 0.105000
0 0.868008 0.666562 0.261562 0.290625
0 0.264199 0.651562 0.015820 0.013125
0 0.180879 0.659062 0.017930 0.024375