0 0.489121 0.529144 0.006829 0.021853
0 0.507559 0.527929 0.010926 0.019424
0 0.516437 0.530358 0.009560 0.019424
0 0.529412 0.531572 0.010926 0.016996
0 0.534192 0.547354 0.017755 0.019424
0 0.583360 0.560708 0.017755 0.036421
0 0.495267 0.534000 0.013658 0.021853
0 0.474098 0.555852 0.012292 0.016996
0 0.482292 0.554638 0.012292 0.019424
0 0.493219 0.552210 0.009560 0.019424
0 0.497316 0.561922 0.017755 0.019424
0 0.510974 0.572849 0.015024 0.026709
0 0.478195 0.574063 0.012292 0.024281
0 0.512340 0.543712 0.009560 0.021853
0 0.527363 0.574063 0.017755 0.048561
0 0.555362 0.581347 0.062826 0.072842
0 0.491853 0.588631 0.028681 0.038849
0 0.592921 0.571635 0.015024 0.029137
0 0.700818 0.572849 0.055997 0.084982
0 0.625700 0.578919 0.039608 0.043705
0 0.777984 0.569207 0.136578 0.150540
0 0.934367 0.610484 0.129749 0.233094