0 0.410902 0.427466 0.015211 0.018721
0 0.397446 0.428506 0.014041 0.016641
0 0.376385 0.427466 0.014041 0.014561
0 0.360004 0.431626 0.016381 0.018721
0 0.319051 0.431626 0.021061 0.027042
0 0.293310 0.430586 0.021061 0.012481
1 0.176888 0.418105 0.031592 0.029122
0 0.133595 0.422265 0.026912 0.020801
0 0.073922 0.426426 0.036272 0.045763
0 0.038234 0.429546 0.058504 0.056163
0 0.018532 0.548113 0.037064 0.268336
0 0.454779 0.433706 0.011701 0.014561
0 0.464140 0.435786 0.016381 0.018721
0 0.489882 0.427466 0.016381 0.031202
0 0.499242 0.445147 0.016381 0.024961
0 0.478766 0.446187 0.015211 0.018721
0 0.515623 0.443067 0.011701 0.020801
0 0.625025 0.437866 0.052653 0.043683
0 0.543705 0.447227 0.053823 0.062404