0 0.018557 0.359352 0.037113 0.136082
0 0.011598 0.377909 0.023196 0.136082
0 0.176289 0.357290 0.088144 0.057732
0 0.325902 0.344919 0.044072 0.053608
0 0.611957 0.317820 0.012758 0.016495
0 0.600939 0.319882 0.016237 0.016495
0 0.588181 0.328130 0.016237 0.028866
0 0.509895 0.352872 0.047552 0.086598
0 0.492498 0.362150 0.031314 0.080412
0 0.462923 0.369367 0.053351 0.107217
0 0.381158 0.378645 0.135696 0.158763
0 0.554547 0.360088 0.076546 0.113402
0 0.626100 0.318519 0.010889 0.013521
0 0.977789 0.403387 0.040593 0.183505
0 0.983008 0.462445 0.032474 0.164948
2 0.808459 0.273785 0.318943 0.517526
0 0.641198 0.315919 0.005265 0.014561
0 0.647633 0.316959 0.006435 0.010401
0 0.634178 0.315919 0.005265 0.012481