0 0.122943 0.593249 0.147152 0.150211
0 0.228418 0.572996 0.079747 0.109705
0 0.276361 0.517299 0.014241 0.028692
0 0.409462 0.533333 0.042722 0.074262
0 0.478766 0.502110 0.008544 0.028692
0 0.473544 0.502109 0.009494 0.032067
0 0.465000 0.503797 0.015190 0.032067
0 0.585474 0.481856 0.012342 0.021941
0 0.576930 0.481012 0.014241 0.030380
0 0.589272 0.467510 0.018038 0.033755
0 0.609209 0.473418 0.025633 0.035443
0 0.611107 0.477637 0.018038 0.037131
0 0.612531 0.481012 0.015190 0.030380
0 0.630095 0.481856 0.033228 0.042194
0 0.649082 0.492827 0.016139 0.064135
0 0.667120 0.488607 0.037025 0.072574
0 0.665221 0.496202 0.018038 0.054008
0 0.683259 0.491983 0.035127 0.069198
0 0.817120 0.493671 0.109177 0.163713
0 0.035601 0.632067 0.071203 0.140084
0 0.444399 0.508861 0.027532 0.038819
0 0.531171 0.527426 0.120570 0.234599
0 0.748576 0.538396 0.162342 0.178903
0 0.919841 0.520675 0.156646 0.261603
0 0.323069 0.557806 0.143354 0.173840