0 0.436368 0.575450 0.015024 0.024281
0 0.432953 0.577878 0.016389 0.024281
0 0.419978 0.575450 0.012292 0.024281
0 0.409052 0.579092 0.012292 0.026709
0 0.400175 0.582734 0.013658 0.029137
0 0.374908 0.579092 0.039608 0.046133
0 0.342812 0.591232 0.054631 0.060701
0 0.291595 0.599731 0.058729 0.072842
0 0.250621 0.614299 0.061460 0.067986
0 0.189844 0.627653 0.084679 0.104407
0 0.084679 0.654362 0.158431 0.133543
0 0.521183 0.573022 0.027316 0.043705
0 0.530061 0.579092 0.020487 0.036421
0 0.545767 0.596089 0.027316 0.070414
0 0.554645 0.594875 0.028681 0.082554
0 0.602447 0.599731 0.102434 0.140827