0 0.439715 0.511694 0.009798 0.013065
0 0.442165 0.524758 0.009798 0.013065
0 0.455638 0.507339 0.009798 0.013065
0 0.454413 0.526936 0.009798 0.017419
0 0.453188 0.540000 0.012248 0.017419
2 0.417057 0.525847 0.013473 0.023952
1 0.431142 0.529113 0.017147 0.030484
0 0.401747 0.543266 0.007349 0.028306
0 0.395010 0.542177 0.008574 0.030484
0 0.383987 0.542177 0.023271 0.030484
0 0.363166 0.545444 0.015922 0.019597
0 0.339894 0.545444 0.025721 0.023952
0 0.327646 0.555242 0.025721 0.030484
0 0.297639 0.559597 0.026946 0.047903
0 0.258610 0.561774 0.029065 0.056613
0 0.215742 0.558508 0.056671 0.054435
0 0.126167 0.577016 0.083286 0.074032
0 0.020222 0.593347 0.040418 0.097984
2 0.477684 0.530202 0.036744 0.084919
0 0.505242 0.540000 0.018372 0.034839
0 0.530351 0.546532 0.041643 0.047903
0 0.538312 0.566129 0.028170 0.069677
0 0.561583 0.560686 0.025721 0.102339
0 0.602001 0.551976 0.074713 0.167661
0 0.690799 0.572661 0.188619 0.222097
0 0.880055 0.543266 0.238884 0.289597