0 0.094336 0.688615 0.188672 0.123339
0 0.976113 0.576489 0.044600 0.109884
2 0.259852 0.623795 0.027751 0.042608
0 0.341214 0.615573 0.013876 0.022425
0 0.495780 0.600324 0.047009 0.030050
0 0.715435 0.566237 0.031535 0.033638
0 0.686422 0.578571 0.013876 0.031395
0 0.702190 0.588662 0.022706 0.024668
0 0.284450 0.621179 0.023967 0.033638
0 0.326167 0.625376 0.022706 0.034663
0 0.251022 0.638222 0.025228 0.040365
0 0.364424 0.616470 0.034058 0.060548
0 0.405420 0.610863 0.017660 0.013455
0 0.825126 0.581935 0.210342 0.156977