0 0.699600 0.428809 0.009466 0.018698
0 0.692764 0.435353 0.010518 0.016828
0 0.714149 0.430056 0.010518 0.014958
0 0.725193 0.427251 0.010518 0.011219
0 0.722038 0.436132 0.011569 0.011219
0 0.684174 0.439405 0.010518 0.024307
0 0.679967 0.442209 0.010518 0.026177
0 0.673131 0.445014 0.013673 0.020568
0 0.664190 0.444079 0.010518 0.018698
0 0.658932 0.443144 0.012621 0.028047
0 0.649466 0.447819 0.016828 0.026177
0 0.545656 0.452961 0.031132 0.019633
0 0.522728 0.475866 0.037864 0.056094
0 0.492227 0.486150 0.058899 0.069183
0 0.439112 0.500173 0.083090 0.074792
0 0.354445 0.511392 0.126212 0.112188
0 0.215086 0.545984 0.194577 0.155194
0 0.067313 0.571039 0.134626 0.198200
0 0.742021 0.429121 0.009466 0.016828
0 0.745702 0.436600 0.008414 0.020568
0 0.754117 0.439405 0.018932 0.033657
0 0.785670 0.439405 0.069417 0.108449
0 0.811964 0.473996 0.096763 0.140236
0 0.909252 0.547853 0.179852 0.302909
0 0.575421 0.488955 0.093607 0.102839