0 0.284940 0.583011 0.009789 0.022376
0 0.275151 0.587983 0.009789 0.022376
0 0.263963 0.592956 0.015383 0.032320
0 0.249279 0.595442 0.011188 0.047238
0 0.220610 0.589226 0.051744 0.089503
0 0.140198 0.610359 0.123066 0.206354
0 0.086356 0.655110 0.172013 0.261050
0 0.303193 0.586615 0.018036 0.029583
0 0.317105 0.593575 0.015383 0.048475
0 0.355564 0.596685 0.061533 0.084530
0 0.542960 0.633978 0.061533 0.114365
0 0.453457 0.614088 0.139848 0.228729
0 0.814965 0.694889 0.300673 0.216298
0 0.678477 0.648281 0.077783 0.093750