0 0.318929 0.464576 0.013876 0.024668
2 0.300638 0.462334 0.025228 0.056063
0 0.293700 0.465697 0.021444 0.049336
0 0.406598 0.465697 0.027751 0.049336
0 0.412905 0.467940 0.025228 0.044850
0 0.429303 0.481395 0.027751 0.044850
0 0.453901 0.489244 0.041627 0.060548
0 0.269103 0.472425 0.037843 0.053821
0 0.352356 0.463455 0.012614 0.017940
0 0.364340 0.466071 0.008830 0.024668
0 0.349203 0.473920 0.021444 0.035880
0 0.175127 0.486628 0.056764 0.049336
0 0.580673 0.516154 0.030274 0.038123
1 0.380738 0.464202 0.031535 0.062791
1 0.081151 0.414119 0.158939 0.807308