0 0.367993 0.647972 0.091998 0.115041
0 0.739494 0.589758 0.011695 0.023563
0 0.711037 0.582135 0.010915 0.013860
0 0.661529 0.591145 0.010135 0.015246
0 0.309129 0.611242 0.013254 0.016632
0 0.279503 0.618172 0.024169 0.024949
0 0.337197 0.609163 0.007017 0.018018
0 0.412822 0.604312 0.010135 0.016632
0 0.776527 0.583521 0.010915 0.019405
0 0.154760 0.711730 0.307960 0.334035
0 0.067050 0.909240 0.127862 0.171869
0 0.544582 0.742223 0.297045 0.464322
0 0.688427 0.600154 0.049897 0.049897
0 0.863068 0.575898 0.063931 0.042967
0 0.808103 0.584214 0.019491 0.023563
1 0.972998 0.567582 0.051457 0.056827
1 0.887075 0.570154 0.101380 0.062388