0 0.538977 0.512362 0.013155 0.017008
0 0.586214 0.505984 0.026309 0.034016
0 0.614915 0.493228 0.040659 0.059528
0 0.617306 0.503858 0.028701 0.059528
0 0.644811 0.504921 0.045443 0.087165
0 0.654976 0.517677 0.058597 0.091417
0 0.696233 0.530433 0.071752 0.125433
0 0.899172 0.468780 0.053814 0.053150
0 0.927933 0.508642 0.087179 0.132874
0 0.957231 0.509173 0.083591 0.129685
0 0.123772 0.564449 0.204493 0.240236
0 0.374665 0.520866 0.072948 0.085039
0 0.284975 0.543189 0.111216 0.116929
0 0.511711 0.517677 0.015546 0.019134
0 0.464475 0.507047 0.028701 0.048898
0 0.041855 0.614410 0.083711 0.238110
0 0.802307 0.547441 0.209277 0.252992