0 0.058673 0.445404 0.117346 0.154663
0 0.180402 0.480773 0.089695 0.050355
0 0.203079 0.439581 0.015511 0.022780
0 0.184196 0.437782 0.012814 0.019183
0 0.166661 0.438981 0.015511 0.019183
0 0.224997 0.440180 0.021581 0.023979
0 0.594576 0.453759 0.056650 0.062345
0 0.555369 0.437611 0.022255 0.029973
0 0.535811 0.435813 0.015511 0.028774
0 0.523969 0.419559 0.010423 0.023824
0 0.513546 0.415589 0.010423 0.021176
0 0.478555 0.419559 0.014890 0.023824
0 0.463666 0.419559 0.014890 0.023824
0 0.445798 0.418236 0.017868 0.021176
0 0.427930 0.432794 0.023824 0.055588
0 0.411552 0.435441 0.029779 0.060882
0 0.377008 0.442059 0.056581 0.079412