0 0.628938 0.384184 0.024107 0.012245
0 0.680597 0.391072 0.024107 0.013776
0 0.630230 0.395663 0.019802 0.016837
0 0.653046 0.397194 0.020663 0.022959
0 0.679305 0.410204 0.033578 0.021429
0 0.709439 0.428572 0.037022 0.027551
0 0.745600 0.419388 0.023246 0.018367
0 0.575128 0.391837 0.019802 0.015306
0 0.584168 0.412500 0.017219 0.029082
0 0.472242 0.410204 0.020663 0.015306
0 0.435651 0.414031 0.024968 0.016837
0 0.449426 0.422449 0.035300 0.018367
0 0.378827 0.436225 0.049075 0.036735
0 0.554465 0.408674 0.023246 0.030612
0 0.533801 0.415561 0.023246 0.038265
0 0.629369 0.430102 0.074904 0.085714
0 0.741295 0.390306 0.026690 0.018367
0 0.804146 0.388010 0.018080 0.016837
0 0.836863 0.390306 0.030134 0.024490
0 0.906745 0.389653 0.023246 0.018367