0 0.043552 0.535267 0.015863 0.035534
0 0.073339 0.535805 0.007675 0.013729
0 0.082115 0.536207 0.011496 0.025211
0 0.094487 0.537555 0.010499 0.030958
0 0.122296 0.546702 0.016623 0.037995
0 0.107256 0.543432 0.020593 0.038136
0 0.020593 0.653274 0.041186 0.335571
0 0.143256 0.550208 0.039547 0.052042
0 0.217857 0.569364 0.084264 0.105254
0 0.395990 0.610551 0.195636 0.227288
0 0.563739 0.562500 0.095244 0.039661
0 0.040328 0.547055 0.018877 0.043856
0 0.064354 0.534280 0.006864 0.015254
0 0.278866 0.561737 0.015445 0.030508
0 0.017313 0.540763 0.019735 0.047288
0 0.025893 0.537712 0.014587 0.032034
0 0.312674 0.567458 0.054915 0.067119