0 0.344092 0.449765 0.013184 0.030469
0 0.322998 0.449765 0.023730 0.030469
0 0.301245 0.456797 0.017139 0.030469
0 0.270923 0.453281 0.046143 0.060937
0 0.234668 0.468515 0.044824 0.049219
0 0.391552 0.436875 0.010547 0.023437
0 0.415283 0.439218 0.013184 0.018750
0 0.402099 0.438047 0.010547 0.021094
0 0.433740 0.443906 0.034277 0.046875
0 0.369800 0.457968 0.054053 0.070312
0 0.483838 0.436875 0.029004 0.037500
0 0.028345 0.486093 0.056689 0.117187
0 0.025708 0.571875 0.051416 0.229687
0 0.529980 0.424687 0.031641 0.046875
0 0.578941 0.431250 0.029004 0.046875
0 0.668408 0.431250 0.018457 0.037500