0 0.971365 0.386903 0.054993 0.108166
0 0.948549 0.370262 0.091265 0.137288
0 0.877760 0.374422 0.176681 0.133128
0 0.788249 0.380663 0.112327 0.120647
0 0.725066 0.376503 0.159130 0.120647
0 0.657202 0.380663 0.088925 0.104006
0 0.590508 0.391063 0.063184 0.066564
0 0.591678 0.367142 0.070204 0.047843
0 0.561256 0.376503 0.058504 0.062404
0 0.531419 0.380663 0.015211 0.020801
0 0.526824 0.376503 0.028082 0.035362
0 0.507518 0.378583 0.019891 0.027042
0 0.502253 0.367142 0.037442 0.029122
0 0.481776 0.367142 0.029252 0.024961
0 0.465395 0.366102 0.015211 0.018721
0 0.417057 0.386829 0.035541 0.051855
0 0.339028 0.391063 0.012871 0.027042
0 0.328497 0.392104 0.010531 0.033282
0 0.312116 0.395224 0.024571 0.043683
0 0.289885 0.401464 0.033932 0.052003
0 0.268824 0.406664 0.040952 0.054083
0 0.253028 0.413945 0.037442 0.052003
2 0.196864 0.412905 0.088925 0.112327
0 0.129585 0.442027 0.097116 0.120647
2 0.051044 0.475754 0.100626 0.166410
0 0.369888 0.381554 0.033932 0.062404