0 0.398328 0.365540 0.013765 0.040785
0 0.414387 0.363501 0.029824 0.057100
0 0.429299 0.365540 0.029824 0.061178
0 0.443638 0.370638 0.037854 0.087689
0 0.492389 0.367579 0.087179 0.130514
0 0.544295 0.388992 0.100944 0.152946
0 0.342694 0.358403 0.010324 0.020393
0 0.303693 0.363501 0.012618 0.022432
0 0.292222 0.366560 0.019501 0.036707
0 0.280751 0.365540 0.017206 0.038746
0 0.268706 0.372677 0.029824 0.048943
0 0.246912 0.379815 0.043589 0.055060
0 0.077278 0.448640 0.154556 0.187613
0 0.201315 0.398168 0.076855 0.095846
0 0.323767 0.362481 0.033266 0.044864
0 0.371371 0.366560 0.050472 0.077492
0 0.692729 0.382364 0.281038 0.295695