0 0.351524 0.431718 0.035596 0.014062
0 0.466221 0.435234 0.011865 0.035156
0 0.456333 0.438750 0.021094 0.042187
0 0.449742 0.449297 0.018457 0.049219
0 0.408872 0.456328 0.071191 0.110156
0 0.371958 0.489140 0.084375 0.119531
0 0.527525 0.431718 0.026367 0.028125
0 0.537412 0.448125 0.035596 0.051562
0 0.578281 0.418828 0.027686 0.016406
0 0.605308 0.428203 0.031641 0.035156
0 0.612559 0.449297 0.035596 0.049219
0 0.658042 0.450468 0.065918 0.093750
0 0.689024 0.469218 0.085693 0.084375
2 0.354820 0.410625 0.052734 0.042187
2 0.418760 0.403593 0.059326 0.079687
2 0.544004 0.409453 0.051416 0.030469
0 0.569712 0.456328 0.050098 0.072656
0 0.493907 0.456328 0.054053 0.091406
2 0.170159 0.484453 0.340318 0.592968
0 0.864365 0.536015 0.270263 0.433593