0 0.523702 0.354661 0.010297 0.013729
0 0.516409 0.357712 0.009439 0.013729
0 0.510402 0.361525 0.009439 0.015254
0 0.501822 0.368390 0.009439 0.010678
0 0.496244 0.376017 0.012013 0.016780
0 0.449052 0.414370 0.049767 0.062542
0 0.600498 0.409031 0.045477 0.054915
0 0.558024 0.376017 0.018877 0.016780
0 0.482393 0.389528 0.020593 0.025932
0 0.390153 0.420036 0.062638 0.059492
0 0.454935 0.433002 0.054915 0.067119
0 0.541170 0.458935 0.102108 0.167797
0 0.799565 0.498051 0.229100 0.263898
0 0.165872 0.534116 0.331744 0.402712