0 0.459817 0.485584 0.010723 0.020796
0 0.468590 0.482118 0.014622 0.027728
0 0.487111 0.483851 0.024370 0.034660
0 0.506120 0.488184 0.013647 0.025995
0 0.519280 0.482118 0.022421 0.027728
0 0.551449 0.505514 0.100405 0.081451
0 0.610912 0.528043 0.073111 0.123042
0 0.446170 0.489917 0.016572 0.019063
0 0.731593 0.526829 0.217382 0.232221
0 0.888781 0.612613 0.222256 0.367394
0 0.377251 0.494191 0.017547 0.050257
0 0.357267 0.497657 0.034118 0.060655
0 0.346544 0.505456 0.032169 0.055456
0 0.331922 0.511521 0.020471 0.053723
0 0.315838 0.512388 0.035093 0.076252
0 0.258324 0.512388 0.089682 0.117843
0 0.206172 0.535783 0.094556 0.129974
0 0.088220 0.572754 0.176440 0.185430
1 0.409907 0.469641 0.061413 0.117843