0 0.440126 0.572321 0.010723 0.024262
0 0.451823 0.576653 0.010723 0.019063
0 0.458160 0.575786 0.007798 0.024262
0 0.462059 0.576653 0.011698 0.029461
0 0.472294 0.575787 0.016572 0.031194
0 0.484480 0.577519 0.015597 0.038126
0 0.496177 0.576653 0.025345 0.036393
0 0.515186 0.583585 0.026320 0.057189
0 0.541993 0.588784 0.042892 0.071053
0 0.629726 0.640774 0.193012 0.220090
0 0.752064 0.623444 0.129649 0.157702
0 0.425016 0.574920 0.025345 0.032927
0 0.392848 0.579252 0.013647 0.024262
2 0.367990 0.568855 0.043866 0.079718
0 0.343620 0.585318 0.010723 0.022529
0 0.329972 0.586184 0.022421 0.038126
0 0.322174 0.593116 0.020471 0.031194
0 0.311451 0.594849 0.016572 0.031194
0 0.298779 0.593983 0.026320 0.043325
0 0.286106 0.600048 0.020471 0.038126
0 0.264173 0.600048 0.033143 0.051990
0 0.228592 0.607847 0.047766 0.064121
0 0.188138 0.620844 0.066287 0.072786
0 0.043684 0.653957 0.087367 0.115120
0 0.413928 0.592559 0.046791 0.067587
0 0.948488 0.582285 0.099430 0.097048
0 0.778557 0.553113 0.048740 0.046791