0 0.583724 0.316495 0.012758 0.018557
0 0.610400 0.316495 0.010438 0.022680
0 0.598222 0.320619 0.020876 0.035052
0 0.562848 0.308247 0.012758 0.018557
0 0.547771 0.314433 0.019716 0.030928
0 0.529794 0.315464 0.020876 0.045361
0 0.512977 0.323711 0.026675 0.032990
0 0.503699 0.309278 0.017397 0.012371
0 0.644845 0.337113 0.030155 0.043299
0 0.489549 0.328866 0.031314 0.035052
0 0.464034 0.325773 0.028995 0.045361
0 0.432719 0.331959 0.022036 0.053608
0 0.389807 0.321650 0.035954 0.049485
0 0.407784 0.344330 0.053351 0.065979
0 0.342255 0.358763 0.093943 0.103093
0 0.450116 0.337113 0.035954 0.047423
0 0.568067 0.320619 0.023196 0.026804
2 0.160075 0.252513 0.318943 0.503093