0 0.023311 0.547419 0.046621 0.157440
0 0.894556 0.606233 0.207657 0.351072
0 0.466008 0.485891 0.116044 0.211729
0 0.528101 0.483177 0.020359 0.065147
0 0.410022 0.488606 0.016287 0.065147
0 0.393226 0.477748 0.019341 0.032574
0 0.345892 0.484082 0.018323 0.038003
0 0.332150 0.486796 0.019341 0.043432
0 0.318408 0.490415 0.018323 0.047051
0 0.301103 0.495844 0.022394 0.050670
0 0.274637 0.496749 0.057004 0.063338
0 0.371849 0.487701 0.033592 0.045241
0 0.580525 0.509417 0.055986 0.117627
0 0.640073 0.513036 0.114008 0.168298
0 0.752046 0.541990 0.244303 0.240684