0 0.416612 0.458539 0.008646 0.021774
0 0.411208 0.461101 0.010807 0.024336
0 0.400761 0.460460 0.014409 0.025617
0 0.398600 0.462381 0.010087 0.026898
0 0.395358 0.464303 0.007925 0.023055
0 0.388153 0.463022 0.015130 0.030740
0 0.382750 0.464943 0.010087 0.024336
0 0.367620 0.464943 0.027378 0.039706
0 0.344925 0.467505 0.030980 0.049953
0 0.317187 0.480954 0.050433 0.058918
0 0.285486 0.464943 0.033142 0.034583
0 0.249823 0.484156 0.067004 0.098624
0 0.200831 0.447652 0.041067 0.015370
0 0.199750 0.500807 0.079252 0.098624
0 0.113654 0.514896 0.136169 0.142173
0 0.481562 0.459179 0.008646 0.024336
0 0.485525 0.457899 0.007925 0.019213
0 0.490208 0.458539 0.008646 0.025617
0 0.493089 0.460460 0.011528 0.029459
0 0.503536 0.461741 0.026657 0.034583
0 0.511101 0.469426 0.024496 0.039706
0 0.534877 0.474549 0.037464 0.052514
0 0.541361 0.479673 0.028819 0.065323
0 0.556131 0.477111 0.023776 0.085816
0 0.645109 0.454696 0.017291 0.035863
0 0.597918 0.484796 0.091500 0.124241
0 0.449141 0.475190 0.069165 0.117837
0 0.751378 0.511694 0.261531 0.283065
0 0.892482 0.631452 0.213259 0.423956