0 0.660270 0.458390 0.009439 0.013729
0 0.652548 0.460678 0.009439 0.015254
0 0.635816 0.458390 0.010297 0.016780
0 0.642680 0.467869 0.017161 0.023535
0 0.625519 0.461441 0.015445 0.022881
0 0.620371 0.466017 0.013729 0.022881
0 0.605784 0.455339 0.010297 0.007627
0 0.598061 0.462966 0.012013 0.019831
0 0.586478 0.459915 0.019735 0.013729
0 0.586478 0.469068 0.018019 0.022881
0 0.608358 0.472881 0.022309 0.030508
0 0.686870 0.474407 0.047193 0.067119
0 0.569746 0.456102 0.017161 0.009153
0 0.569746 0.469830 0.020593 0.024407
0 0.553443 0.459152 0.008581 0.012203
0 0.540572 0.465254 0.013729 0.024407
0 0.544862 0.469068 0.018877 0.022881
0 0.532849 0.459152 0.015445 0.018305
0 0.519550 0.461441 0.011155 0.010678
0 0.512256 0.460678 0.010297 0.012203
0 0.506250 0.462966 0.008581 0.010678
0 0.497669 0.465254 0.010297 0.009153
0 0.487373 0.460678 0.012013 0.012203
0 0.478363 0.463729 0.012871 0.009153
0 0.468067 0.461441 0.012871 0.007627
0 0.464205 0.465254 0.018877 0.009153
0 0.442325 0.462203 0.021451 0.015254
0 0.420016 0.462203 0.014587 0.015254
0 0.417013 0.464491 0.018877 0.013729
0 0.393416 0.462203 0.035180 0.021356
0 0.373681 0.466780 0.011155 0.012203
0 0.327346 0.465254 0.031748 0.021356
0 0.348369 0.466017 0.039470 0.019831
0 0.283157 0.464491 0.030890 0.016780
0 0.261276 0.466017 0.023167 0.022881
0 0.248406 0.465254 0.040328 0.018305
0 0.222664 0.469068 0.021451 0.013729
0 0.206790 0.469068 0.027458 0.013729
0 0.120127 0.465254 0.042903 0.024407
0 0.105111 0.462203 0.016303 0.021356
0 0.048909 0.464491 0.097818 0.038136
0 0.058347 0.471356 0.073792 0.021356
0 0.030890 0.406525 0.027458 0.010678
0 0.020593 0.407288 0.018877 0.012203
0 0.713898 0.447712 0.008581 0.013729
0 0.745217 0.449237 0.011155 0.013729
0 0.815148 0.451525 0.015445 0.015254
0 0.927467 0.448474 0.026600 0.033559
0 0.960502 0.450763 0.042903 0.035085