0 0.038350 0.612709 0.076700 0.229606
0 0.153833 0.627591 0.285812 0.284882
0 0.317667 0.556370 0.101649 0.159449
0 0.369687 0.554244 0.031093 0.099921
0 0.382244 0.540425 0.039464 0.085039
0 0.398388 0.534047 0.023917 0.076535
0 0.407357 0.534047 0.013155 0.046772
0 0.418718 0.524480 0.009567 0.023386
0 0.491068 0.526606 0.025113 0.044646
0 0.455192 0.552118 0.075340 0.104173
0 0.529335 0.535110 0.020330 0.048898
0 0.544882 0.532984 0.025113 0.061654
0 0.561624 0.524480 0.027505 0.053150
0 0.653705 0.621213 0.249936 0.263622
0 0.797209 0.593575 0.161442 0.178583