0 0.809250 0.462976 0.009361 0.012481
0 0.546569 0.528203 0.019891 0.060324
0 0.268677 0.530283 0.030422 0.039522
0 0.247616 0.529243 0.018721 0.041602
0 0.238256 0.529243 0.023401 0.049923
0 0.735535 0.543804 0.025742 0.054083
0 0.760107 0.543804 0.042123 0.058243
0 0.789944 0.549004 0.043293 0.064484
0 0.353654 0.531472 0.030422 0.016641
0 0.320892 0.529392 0.021061 0.020801
0 0.072691 0.536672 0.087755 0.062404
0 0.172732 0.524191 0.114667 0.108166
0 0.637249 0.565794 0.175511 0.270416
0 0.858393 0.555393 0.095946 0.099846