0 0.019975 0.514575 0.038242 0.089838
0 0.055485 0.468442 0.109263 0.118975
0 0.129237 0.466014 0.136578 0.114119
0 0.169528 0.470870 0.096971 0.094694
0 0.203672 0.466014 0.083313 0.094694
0 0.254889 0.473298 0.068289 0.070414
0 0.274010 0.472084 0.054631 0.063130
0 0.300643 0.480582 0.064192 0.055845
0 0.364152 0.478154 0.024584 0.031565
0 0.375761 0.481796 0.017755 0.029137
0 0.386005 0.478154 0.016389 0.031565
0 0.394199 0.478154 0.013658 0.026709
0 0.437541 0.507409 0.038969 0.055608
0 0.514388 0.514575 0.051900 0.070414
0 0.467269 0.496365 0.015024 0.029137
0 0.485707 0.498793 0.010926 0.024281
0 0.810080 0.563136 0.127018 0.104407
2 0.426921 0.471556 0.025979 0.053289