0 0.103817 0.563222 0.207634 0.488704
0 0.812015 0.606547 0.372377 0.450578
1 0.443223 0.454910 0.011698 0.019063
0 0.457845 0.461842 0.011698 0.015597
0 0.468568 0.467041 0.013647 0.029461
0 0.458332 0.506034 0.043866 0.090116
0 0.508048 0.491303 0.045816 0.074519
0 0.516333 0.507767 0.023395 0.083184
0 0.545578 0.515565 0.046791 0.098781
0 0.590906 0.531162 0.084808 0.150770
0 0.638184 0.555424 0.111128 0.175032
0 0.346717 0.486104 0.019496 0.036393
0 0.314061 0.518165 0.057514 0.100514
0 0.282867 0.476573 0.028269 0.024262
0 0.250211 0.472240 0.040942 0.019063
0 0.210731 0.482638 0.026320 0.036393
0 0.257034 0.551091 0.116977 0.159435
0 0.395457 0.532028 0.124775 0.204493