0 0.125897 0.593341 0.251794 0.434339
0 0.612378 0.594140 0.146338 0.126562
0 0.696752 0.548437 0.059326 0.053906
0 0.805517 0.553125 0.069873 0.082031
0 0.781787 0.543750 0.054053 0.072656
0 0.295312 0.534375 0.052734 0.065625
0 0.409350 0.537890 0.040869 0.049219
0 0.389575 0.532031 0.025049 0.035156
0 0.386938 0.519140 0.019775 0.023437
0 0.369800 0.521484 0.019775 0.028125
0 0.361889 0.516797 0.014502 0.032812
0 0.350683 0.513281 0.010547 0.025781
0 0.344092 0.509765 0.013184 0.028125
0 0.332226 0.507265 0.010547 0.022344
0 0.241260 0.505547 0.029004 0.049219
0 0.266968 0.507812 0.014502 0.023437