0 0.065735 0.618703 0.129871 0.176542
0 0.901001 0.710363 0.195723 0.413945
0 0.667732 0.580355 0.156789 0.187211
0 0.163432 0.603236 0.065524 0.099846
0 0.582317 0.565794 0.070204 0.128968
0 0.539025 0.563714 0.049143 0.087365
0 0.517378 0.551233 0.043293 0.079045
0 0.499242 0.546033 0.025742 0.064484
0 0.484031 0.547073 0.023401 0.058243
0 0.468235 0.616757 0.001170 0.027042
0 0.472916 0.543953 0.026912 0.047843
0 0.458290 0.541872 0.023401 0.047843
0 0.210235 0.575154 0.070204 0.110247
0 0.259963 0.573074 0.029252 0.060324
0 0.306181 0.562674 0.028082 0.043683
0 0.420847 0.549153 0.025742 0.041602
0 0.323147 0.561634 0.012871 0.033282
0 0.336017 0.555393 0.010531 0.029122
0 0.345963 0.556433 0.014041 0.022881
0 0.355909 0.553313 0.012871 0.024961
0 0.775487 0.523016 0.035320 0.051732
0 0.375800 0.542913 0.019891 0.020801