0 0.338776 0.615284 0.008613 0.012760
0 0.329445 0.614646 0.012919 0.021692
0 0.318679 0.614646 0.014355 0.024244
0 0.269155 0.619112 0.024403 0.028072
0 0.242239 0.617198 0.032299 0.042108
0 0.199175 0.628682 0.049524 0.052316
0 0.303607 0.615922 0.021532 0.026796
0 0.353131 0.613370 0.008613 0.008932
0 0.367486 0.610818 0.015790 0.016588
0 0.377893 0.607628 0.006460 0.012760
0 0.393325 0.612094 0.005742 0.016588
0 0.401938 0.612094 0.014355 0.021692
0 0.425982 0.610180 0.023686 0.028072
1 0.405526 0.599972 0.024403 0.038280