0 0.446462 0.528562 0.007798 0.020796
0 0.459134 0.530295 0.015597 0.034660
0 0.461084 0.534628 0.013647 0.032927
0 0.465958 0.534628 0.011698 0.032927
0 0.473757 0.532895 0.015597 0.039859
0 0.482530 0.533761 0.013647 0.048524
0 0.492278 0.538960 0.017547 0.051990
0 0.497639 0.538960 0.016572 0.051990
0 0.505925 0.540693 0.019496 0.062388
0 0.512262 0.542426 0.018521 0.072786
0 0.533707 0.542426 0.032169 0.093582
0 0.556128 0.551091 0.038018 0.110911
0 0.617541 0.536361 0.116002 0.175032
0 0.648247 0.564089 0.089682 0.209692
0 0.818839 0.575353 0.315838 0.360462
0 0.437689 0.532895 0.013647 0.022529
0 0.424041 0.539827 0.019496 0.046791
0 0.359704 0.541560 0.005849 0.019063
0 0.345082 0.545026 0.007798 0.008665
0 0.323149 0.549358 0.014622 0.020796
0 0.302190 0.554557 0.007798 0.020796
0 0.282207 0.548492 0.022421 0.039859
0 0.273921 0.557157 0.015597 0.025995
0 0.244677 0.562356 0.017547 0.036393
0 0.224693 0.564089 0.022421 0.039859
0 0.202273 0.571887 0.041917 0.048524
0 0.136473 0.575353 0.037043 0.062388
0 0.090170 0.589217 0.057514 0.062388
0 0.042892 0.559756 0.040942 0.017330
0 0.033143 0.598749 0.062388 0.074519
0 0.002437 0.622144 0.004874 0.062388
0 0.399184 0.548492 0.047766 0.067587
0 0.974808 0.668935 0.048740 0.277279