0 0.091550 0.519445 0.011990 0.017763
0 0.085055 0.536320 0.014988 0.030197
0 0.069068 0.522110 0.016986 0.015987
0 0.060575 0.530992 0.013988 0.026645
0 0.116029 0.530103 0.032973 0.042632
0 0.543303 0.518684 0.040966 0.019539
0 0.507332 0.521349 0.038968 0.021316
0 0.484851 0.524901 0.027977 0.024868
0 0.465367 0.519572 0.024979 0.021316
0 0.742189 0.522237 0.051957 0.042632
0 0.929535 0.530230 0.064947 0.044408
0 0.848102 0.525789 0.087928 0.056842
0 0.987987 0.520461 0.023980 0.042632
2 0.973499 0.508026 0.052956 0.085263
0 0.358505 0.577303 0.129893 0.202500
0 0.582820 0.611941 0.160868 0.204276