0 0.253776 0.430334 0.050755 0.048586
0 0.300626 0.429466 0.035138 0.032969
0 0.202532 0.434672 0.043923 0.039910
0 0.039530 0.445951 0.079061 0.093702
0 0.398232 0.420790 0.019521 0.029499
0 0.417515 0.419653 0.024901 0.030694
0 0.463140 0.412114 0.012689 0.015617
0 0.478757 0.419055 0.016593 0.022558
0 0.505111 0.415585 0.008785 0.022558
0 0.516409 0.417320 0.025230 0.032969
0 0.544641 0.415585 0.015617 0.022558
0 0.643711 0.412114 0.020497 0.057262
0 0.674945 0.400835 0.051731 0.086761
0 0.896999 0.414717 0.156170 0.145758
0 0.690074 0.418187 0.048803 0.062468
0 0.579780 0.428599 0.068324 0.097172
0 0.363094 0.456362 0.089798 0.117995
0 0.984362 0.442480 0.030270 0.149229