0 0.272088 0.470593 0.072934 0.090000
0 0.418471 0.449237 0.028316 0.041186
0 0.405601 0.457627 0.030032 0.045763
0 0.362012 0.435508 0.023511 0.019831
0 0.499042 0.452288 0.008581 0.013729
0 0.523068 0.454576 0.015445 0.018305
0 0.654006 0.460678 0.039470 0.042712
0 0.733033 0.475932 0.076367 0.088475
0 0.793525 0.468305 0.053199 0.079322
2 0.851272 0.473644 0.102108 0.102203
0 0.930470 0.478983 0.104682 0.103729
0 0.227383 0.450000 0.027458 0.036610
0 0.155822 0.444661 0.053199 0.059492
0 0.330435 0.446949 0.024883 0.024407
0 0.374625 0.468305 0.053199 0.070169
0 0.458628 0.482034 0.055773 0.085424
0 0.576610 0.457627 0.022309 0.027458
0 0.551727 0.446186 0.012013 0.016780
0 0.544862 0.453813 0.020593 0.028983
0 0.604583 0.456864 0.025742 0.028983
0 0.059463 0.475932 0.115837 0.103729
0 0.949347 0.496525 0.096102 0.147966
0 0.382605 0.711610 0.007722 0.004576
2 0.459020 0.406159 0.049936 0.062755
0 0.671040 0.462551 0.027551 0.039796