0 0.639404 0.257812 0.010547 0.016406
0 0.631494 0.260156 0.010547 0.016406
0 0.622265 0.262500 0.021094 0.016406
0 0.669067 0.256640 0.011865 0.018750
0 0.691479 0.256640 0.014502 0.023437
0 0.713232 0.321094 0.023730 0.035156
0 0.720483 0.329297 0.019775 0.042187
0 0.764648 0.342187 0.050098 0.072656
0 0.750805 0.328125 0.061963 0.082031
0 0.601171 0.318750 0.015820 0.035156
0 0.593261 0.322265 0.018457 0.037500
0 0.582055 0.323437 0.014502 0.039844
0 0.568213 0.326953 0.029004 0.051562
0 0.555688 0.333984 0.030322 0.051562
0 0.521411 0.336328 0.048779 0.065625
0 0.474609 0.337500 0.055371 0.105469
0 0.412646 0.346875 0.089648 0.138281
0 0.783945 0.350625 0.069873 0.075000
0 0.869639 0.382265 0.133154 0.147656
0 0.313951 0.372890 0.158203 0.166406
0 0.615278 0.274687 0.019775 0.023437
0 0.701630 0.273515 0.021094 0.025781
0 0.677241 0.266484 0.017139 0.021094
0 0.122698 0.422109 0.245396 0.288281
2 0.987632 0.408047 0.023730 0.433593