0 0.460421 0.386349 0.015987 0.026645
0 0.445933 0.387237 0.010991 0.021316
0 0.436441 0.384572 0.007993 0.015987
0 0.425450 0.383684 0.013988 0.021316
0 0.426949 0.394342 0.012989 0.017763
0 0.414958 0.389901 0.014988 0.019539
0 0.404467 0.388125 0.015987 0.019539
0 0.395974 0.389901 0.018984 0.023092
0 0.313042 0.405888 0.024979 0.040855
0 0.255090 0.416546 0.094922 0.087039
0 0.357006 0.434309 0.102915 0.119013
0 0.524868 0.357039 0.020983 0.039079
0 0.505884 0.364145 0.036970 0.021316
0 0.494393 0.421875 0.067944 0.115461
0 0.973499 0.412105 0.052956 0.149211