0 0.284335 0.474430 0.023734 0.028692
0 0.167563 0.476118 0.014241 0.018565
2 0.121519 0.483713 0.037975 0.050633
0 0.057911 0.475105 0.091139 0.096202
0 0.013766 0.504641 0.027532 0.091139
0 0.247785 0.480169 0.039873 0.048945
0 0.229747 0.475105 0.005696 0.042194
2 0.611392 0.447257 0.068354 0.121519
0 0.717247 0.477637 0.044620 0.067511
0 0.683069 0.464979 0.027532 0.025316
0 0.748101 0.464979 0.017089 0.018565
0 0.863449 0.464979 0.012342 0.021941
0 0.788449 0.474261 0.027532 0.060759
1 0.485126 0.435443 0.184177 0.219409