0 0.384029 0.609075 0.030262 0.097509
0 0.361333 0.613813 0.056740 0.124408
0 0.312631 0.646596 0.116318 0.203425
0 0.216244 0.706102 0.200482 0.329514
0 0.451102 0.586624 0.038088 0.036540
0 0.489196 0.578835 0.010402 0.031943
0 0.493925 0.583038 0.014185 0.036986
0 0.505745 0.589763 0.018913 0.047073
0 0.527496 0.590604 0.043501 0.075654
0 0.539317 0.599850 0.048229 0.073973
0 0.610904 0.631289 0.078491 0.144583
0 0.656296 0.632970 0.127666 0.158032
0 0.730059 0.680884 0.254386 0.317746
0 0.904003 0.774695 0.189134 0.430386
0 0.112771 0.670927 0.225543 0.652043
0 0.404682 0.622312 0.028566 0.065596
0 0.428487 0.589514 0.030946 0.042320