0 0.340318 0.421172 0.031641 0.058594
0 0.553892 0.378984 0.013184 0.021094
0 0.563120 0.377812 0.015820 0.023437
0 0.574326 0.382500 0.019775 0.037500
0 0.584873 0.381328 0.017139 0.035156
0 0.594102 0.387187 0.017139 0.037500
0 0.603330 0.388359 0.022412 0.039844
0 0.624424 0.391875 0.038232 0.056250
0 0.655405 0.407109 0.050098 0.077344
0 0.451060 0.397734 0.023730 0.030469
0 0.485337 0.388359 0.026367 0.030469
0 0.515000 0.378984 0.017139 0.025781
0 0.298789 0.429375 0.064600 0.060937
0 0.181456 0.462187 0.112060 0.093750
0 0.722642 0.403593 0.116016 0.135937
0 0.032390 0.491484 0.064781 0.147656