0 0.501051 0.486971 0.013647 0.024262
0 0.533220 0.484371 0.019496 0.022529
0 0.549304 0.483505 0.014622 0.020796
0 0.582448 0.483505 0.022421 0.031194
0 0.674080 0.489570 0.030219 0.050257
0 0.704786 0.488704 0.044841 0.055456
0 0.734030 0.493036 0.046791 0.057189
0 0.784233 0.488704 0.080909 0.083184
0 0.857344 0.497369 0.090657 0.079718
0 0.938740 0.498235 0.118927 0.091849
0 0.632650 0.493036 0.056539 0.077985
0 0.454260 0.489570 0.015597 0.022529
0 0.435252 0.489570 0.014622 0.019063
0 0.387486 0.491303 0.012673 0.025995
0 0.371889 0.498235 0.016572 0.022529
0 0.351906 0.491303 0.011698 0.019063
0 0.243215 0.526829 0.219332 0.256483
0 0.026807 0.538094 0.049715 0.071053
0 0.366914 0.466689 0.008046 0.017881
0 0.372949 0.475629 0.008046 0.017881
0 0.419215 0.457748 0.008046 0.014305
0 0.427262 0.463113 0.008046 0.017881