0 0.376573 0.539531 0.038232 0.107812
0 0.398326 0.502031 0.021094 0.028125
0 0.561802 0.510177 0.021094 0.030355
0 0.590147 0.510234 0.022412 0.025781
0 0.605308 0.507890 0.013184 0.025781
0 0.642881 0.532500 0.067236 0.089062
0 0.440513 0.505547 0.010547 0.025781
0 0.075987 0.537187 0.085693 0.126562
0 0.155748 0.546562 0.158203 0.173437
0 0.298130 0.552421 0.137109 0.171094
0 0.484678 0.533672 0.069873 0.105469
0 0.420078 0.506718 0.035596 0.046875
0 0.538731 0.504375 0.027686 0.032812
0 0.803062 0.572343 0.319043 0.351562
1 0.956650 0.475078 0.085693 0.260156
0 0.017229 0.567656 0.034459 0.187500