0 0.334663 0.371045 0.020215 0.025000
0 0.306978 0.377295 0.021094 0.028125
0 0.283247 0.374951 0.043945 0.045312
0 0.247212 0.378076 0.026367 0.042187
0 0.193160 0.378076 0.032520 0.048437
0 0.152290 0.385889 0.063281 0.070312
0 0.083296 0.386670 0.090527 0.084375
0 0.021773 0.395264 0.041309 0.085937
0 0.463423 0.372607 0.021094 0.025000
0 0.482320 0.365576 0.014941 0.017187
0 0.504292 0.364014 0.009668 0.020312
0 0.511324 0.372607 0.011426 0.018750
0 0.526704 0.376514 0.015820 0.020312
0 0.546040 0.381201 0.026367 0.039062
0 0.573726 0.394482 0.051855 0.068750
0 0.619869 0.410889 0.040430 0.098437