0 0.560566 0.540937 0.015820 0.031875
0 0.555293 0.545625 0.009492 0.026250
0 0.549492 0.544687 0.012656 0.031875
0 0.537363 0.546562 0.022148 0.046875
0 0.514687 0.557812 0.050625 0.065625
0 0.496230 0.565312 0.030586 0.076875
0 0.455097 0.570937 0.079102 0.118125
0 0.405527 0.601875 0.102305 0.142500
0 0.598008 0.522187 0.006328 0.016875
0 0.589570 0.522187 0.012656 0.020625
0 0.577969 0.518437 0.010547 0.020625
0 0.623847 0.539062 0.022148 0.035625
0 0.629648 0.546562 0.027422 0.039375
0 0.641777 0.560625 0.017930 0.060000
0 0.665508 0.558750 0.050625 0.097500
0 0.703476 0.573750 0.082266 0.120000
0 0.731426 0.606562 0.091758 0.133125
0 0.840586 0.671250 0.234141 0.258750
0 0.266309 0.623125 0.235195 0.303750
0 0.970141 0.835875 0.055898 0.318750