0 0.388476 0.501732 0.011937 0.021221
0 0.397659 0.505813 0.013773 0.019589
0 0.382967 0.508261 0.013773 0.021221
0 0.371948 0.507445 0.011937 0.019589
0 0.361389 0.509078 0.014692 0.022854
0 0.351747 0.509894 0.011937 0.017956
0 0.342565 0.507445 0.011937 0.019589
0 0.328791 0.499283 0.015610 0.016324
0 0.330169 0.514791 0.022037 0.021221
0 0.316395 0.513975 0.012855 0.022854
0 0.305377 0.515607 0.018365 0.026119
0 0.291144 0.519688 0.017446 0.031016
0 0.277371 0.517240 0.022956 0.039178
0 0.259006 0.520504 0.022956 0.042443
0 0.240641 0.520504 0.026629 0.048972
0 0.179120 0.504997 0.059685 0.047340
0 0.141473 0.538461 0.037647 0.068561
0 0.097857 0.537645 0.056930 0.109371
0 0.417400 0.504180 0.029383 0.019589
0 0.412350 0.523769 0.026629 0.042443
0 0.535852 0.516423 0.047748 0.050605
0 0.556053 0.548255 0.060603 0.078356
0 0.615279 0.562131 0.094578 0.112636
0 0.718317 0.584168 0.176300 0.159976
0 0.883795 0.643984 0.231394 0.272612
0 0.198337 0.553386 0.109269 0.114268
1 0.038566 0.446463 0.076213 0.517473
0 0.472939 0.577175 0.122124 0.176300