0 0.474131 0.606328 0.014502 0.025781
0 0.458311 0.596953 0.011865 0.030469
0 0.442491 0.600468 0.025049 0.028125
0 0.412168 0.600468 0.035596 0.046875
0 0.384483 0.607500 0.027686 0.060937
0 0.362071 0.621562 0.043506 0.070312
0 0.324497 0.623906 0.052734 0.093750
0 0.258580 0.622734 0.094922 0.133594
0 0.534116 0.605156 0.013184 0.023437
0 0.547300 0.601640 0.018457 0.030469
0 0.561143 0.609843 0.019775 0.032812
0 0.574986 0.608671 0.023730 0.063281
0 0.603330 0.616875 0.048779 0.075000
0 0.642881 0.632109 0.046143 0.100781
0 0.700230 0.632109 0.097559 0.152344
0 0.128721 0.647343 0.183252 0.173437
0 0.511045 0.606328 0.011865 0.021094
0 0.801084 0.670781 0.206982 0.178125
0 0.025139 0.690703 0.050279 0.194531