0 0.503272 0.338559 0.032757 0.055588
0 0.445203 0.337236 0.014890 0.042353
0 0.469026 0.337236 0.032757 0.047647
0 0.432546 0.339883 0.019357 0.052941
0 0.330552 0.333265 0.047647 0.066177
0 0.280671 0.372971 0.099761 0.113824
0 0.569532 0.335912 0.010423 0.023824
0 0.584421 0.334588 0.022335 0.042353
0 0.586655 0.342530 0.017868 0.052941
0 0.595589 0.350471 0.017868 0.074118
0 0.602289 0.349147 0.031268 0.092647
0 0.641747 0.355765 0.080404 0.137647
0 0.665570 0.392824 0.080404 0.158824
0 0.833930 0.401408 0.326085 0.457941
0 0.540603 0.351114 0.058070 0.071471
0 0.379794 0.356408 0.111673 0.156177
0 0.137836 0.386849 0.208456 0.190588