0 0.775947 0.290276 0.105279 0.123042
0 0.663357 0.263415 0.055564 0.076252
0 0.545892 0.234820 0.023395 0.036393
0 0.515673 0.232221 0.011698 0.024262
0 0.215920 0.279878 0.078959 0.084917
0 0.029732 0.293742 0.059463 0.057189
0 0.059951 0.287677 0.078959 0.048524
0 0.064825 0.281611 0.092607 0.043325
0 0.029244 0.253017 0.058488 0.027728
0 0.148658 0.283344 0.067262 0.060655
0 0.265148 0.272946 0.042892 0.071053
0 0.306577 0.268614 0.041917 0.051990
0 0.334359 0.268614 0.021446 0.038126
0 0.353855 0.262548 0.021446 0.043325
0 0.370427 0.263415 0.017547 0.034660
0 0.382612 0.258216 0.018521 0.027728
0 0.399671 0.253017 0.015597 0.027728
0 0.423067 0.248684 0.015597 0.019063
0 0.438176 0.246951 0.012673 0.015597
0 0.443050 0.236553 0.018521 0.019063
0 0.529321 0.228755 0.009748 0.020796
0 0.634600 0.252150 0.025345 0.057189
0 0.619978 0.252150 0.023395 0.053723
0 0.608280 0.246085 0.023395 0.048524
0 0.592196 0.246951 0.010723 0.039859
0 0.580498 0.240019 0.022421 0.032927
0 0.563439 0.239153 0.007798 0.027728
0 0.494228 0.233087 0.013647 0.015597
0 0.504950 0.228755 0.007798 0.020796
0 0.970334 0.253653 0.057689 0.098319
0 0.987480 0.202760 0.021446 0.038126