0 0.461426 0.501875 0.017930 0.026250
0 0.446660 0.504687 0.015820 0.028125
0 0.433476 0.508437 0.010547 0.031875
0 0.418711 0.511250 0.040078 0.030000
0 0.399199 0.517812 0.051680 0.046875
0 0.207994 0.557187 0.078488 0.099375
0 0.129199 0.575937 0.112852 0.163125
0 0.052734 0.568437 0.105469 0.253125
0 0.525234 0.500937 0.037969 0.028125
0 0.556875 0.506562 0.025312 0.031875
0 0.576387 0.509375 0.039023 0.048750
0 0.479883 0.509687 0.023203 0.039375
0 0.715078 0.535625 0.124453 0.146250
0 0.734590 0.563750 0.047461 0.112500
0 0.871699 0.579445 0.254180 0.268609