0 0.475871 0.345142 0.011996 0.014929
0 0.461475 0.343009 0.011996 0.019194
0 0.450679 0.345142 0.011996 0.019194
0 0.434483 0.347275 0.015595 0.023460
0 0.414689 0.345142 0.019194 0.031991
0 0.394895 0.353673 0.020394 0.031991
2 0.369703 0.337677 0.032390 0.068246
0 0.351108 0.353673 0.035989 0.049052
0 0.316319 0.356872 0.047986 0.055450
0 0.265334 0.384597 0.075578 0.102370
2 0.210750 0.303554 0.069579 0.068246
0 0.187957 0.400592 0.136759 0.159952
0 0.053790 0.394194 0.107581 0.125829
0 0.496865 0.350474 0.017995 0.025592
0 0.544851 0.338744 0.015595 0.014929
0 0.552049 0.436848 0.133160 0.194076
0 0.794377 0.352606 0.077977 0.072512
0 0.822568 0.364336 0.100770 0.083175
0 0.826167 0.413388 0.141558 0.138626
0 0.917882 0.442180 0.164236 0.277251