0 0.565757 0.523125 0.018457 0.014062
0 0.580259 0.523125 0.015820 0.023437
0 0.593443 0.523125 0.021094 0.023437
0 0.387119 0.524297 0.051416 0.053906
0 0.479405 0.526640 0.035596 0.030469
0 0.432603 0.530156 0.047461 0.056250
0 0.282969 0.553593 0.096240 0.084375
2 0.331748 0.520781 0.059326 0.065625
2 0.190684 0.546562 0.085693 0.089062
0 0.641563 0.521953 0.032959 0.039844
0 0.661997 0.526640 0.026367 0.044531
0 0.689683 0.530156 0.050098 0.056250
0 0.741099 0.539531 0.063281 0.075000
0 0.793174 0.538359 0.083057 0.110156
0 0.549278 0.520781 0.014502 0.018750
0 0.612559 0.521953 0.022412 0.030469
0 0.878867 0.551250 0.148975 0.145312
0 0.513760 0.519437 0.028162 0.037550