0 0.473501 0.498190 0.016381 0.035362
0 0.488126 0.507550 0.017551 0.041602
0 0.498072 0.514831 0.018721 0.052003
0 0.522644 0.515871 0.063184 0.091525
0 0.336017 0.510671 0.015211 0.027042
0 0.320221 0.515871 0.014041 0.033282
0 0.299745 0.517951 0.024571 0.037442
0 0.277514 0.521071 0.019891 0.031202
0 0.251187 0.526272 0.044463 0.049923
0 0.199704 0.534592 0.053823 0.062404
0 0.145881 0.548113 0.049143 0.068644
0 0.109024 0.556433 0.022231 0.035362
0 0.046425 0.531472 0.091265 0.122727
0 0.440739 0.538752 0.081905 0.128968
0 0.609814 0.534592 0.139238 0.162250
0 0.933338 0.728044 0.131048 0.374422