0 0.137341 0.356914 0.020201 0.027751
0 0.181416 0.367525 0.086313 0.062031
0 0.257170 0.356098 0.033974 0.035913
0 0.428878 0.356914 0.013773 0.011427
0 0.401791 0.360995 0.007346 0.016324
0 0.494466 0.350151 0.013773 0.017956
0 0.508240 0.351784 0.008264 0.017956
0 0.515585 0.348519 0.010101 0.021221
0 0.522931 0.347703 0.008264 0.022854
0 0.561038 0.349335 0.016528 0.035913
0 0.478703 0.347975 0.022037 0.031016
0 0.531960 0.351239 0.016528 0.021221
0 0.576495 0.349607 0.030302 0.037545
0 0.448861 0.350423 0.026629 0.045707
0 0.355814 0.390798 0.096414 0.140387