0 0.408285 0.307387 0.012319 0.017207
0 0.389807 0.308951 0.021118 0.029722
0 0.372208 0.315209 0.017598 0.029722
0 0.358129 0.319119 0.017598 0.031286
0 0.336278 0.321466 0.024345 0.042236
0 0.529861 0.285487 0.009679 0.017207
0 0.545700 0.290180 0.018478 0.029722
0 0.555819 0.293308 0.017598 0.023465
0 0.570778 0.304258 0.022878 0.039108
0 0.592776 0.308169 0.022878 0.053187
0 0.616827 0.313644 0.024638 0.061008
0 0.665370 0.314426 0.073620 0.112630
0 0.730044 0.347277 0.100311 0.125145
0 0.834462 0.359791 0.170705 0.209618
0 0.943866 0.441136 0.110871 0.171031
0 0.062915 0.364484 0.125829 0.137659
0 0.270137 0.353534 0.114390 0.112630
0 0.492465 0.314166 0.065114 0.082908