0 0.428173 0.429767 0.012292 0.019424
0 0.418613 0.430981 0.015024 0.021853
0 0.404272 0.440693 0.021853 0.031565
0 0.391980 0.426124 0.013658 0.021853
0 0.456855 0.424910 0.012292 0.019424
0 0.486219 0.440693 0.013658 0.026709
0 0.495779 0.435837 0.010926 0.036421
0 0.510120 0.435837 0.015024 0.041277
0 0.541533 0.443121 0.064192 0.094694
0 0.564751 0.466187 0.083313 0.101979
0 0.370810 0.454047 0.053266 0.058273
0 0.319593 0.451619 0.032779 0.048561
0 0.264962 0.463759 0.054631 0.077698
0 0.213745 0.479542 0.099702 0.104407