0 0.193937 0.607084 0.063151 0.034651
0 0.408339 0.587679 0.021050 0.012474
0 0.467982 0.555801 0.007796 0.015246
0 0.433288 0.577284 0.016373 0.019405
0 0.451220 0.569661 0.007017 0.015246
0 0.464864 0.569661 0.010915 0.015246
0 0.487863 0.563424 0.011695 0.019405
0 0.476168 0.573126 0.014813 0.019405
0 0.462915 0.587679 0.014813 0.020791
0 0.505405 0.588372 0.017152 0.033265
0 0.503066 0.563424 0.010915 0.013860
0 0.483965 0.601540 0.028847 0.040195
1 0.556082 0.576591 0.059253 0.062372
0 0.662114 0.575205 0.060033 0.040195
0 0.711232 0.590452 0.049118 0.040195