0 0.349233 0.456530 0.009182 0.016324
0 0.313881 0.461427 0.015610 0.022854
0 0.294139 0.454897 0.020201 0.039178
0 0.277611 0.467140 0.027547 0.034281
0 0.256492 0.471221 0.025710 0.039178
0 0.440291 0.463059 0.022956 0.042443
0 0.447177 0.472854 0.018365 0.029383
0 0.461410 0.473670 0.021119 0.044075
0 0.472429 0.473670 0.022956 0.050605
0 0.491711 0.476935 0.035811 0.050605
0 0.518799 0.488362 0.034893 0.070193
0 0.645668 0.495707 0.065194 0.075091
0 0.569149 0.491626 0.074377 0.096312
0 0.228027 0.473670 0.036729 0.047340
0 0.338214 0.454897 0.012855 0.019589
0 0.773148 0.536245 0.235067 0.237787
0 0.907210 0.567805 0.183646 0.243229