0 0.510252 0.434905 0.073121 0.050079
0 0.439229 0.499546 0.012586 0.020245
0 0.421548 0.503808 0.025173 0.024507
0 0.403568 0.493686 0.015583 0.017048
0 0.385288 0.496882 0.022176 0.021310
0 0.343034 0.495817 0.031166 0.029834
0 0.270512 0.492620 0.043153 0.038358
0 0.516245 0.502210 0.010788 0.012786
0 0.495868 0.500079 0.010788 0.010655
0 0.473692 0.500612 0.014384 0.013852
0 0.531928 0.501144 0.010189 0.014917
0 0.543616 0.504874 0.011987 0.013852
0 0.553505 0.507537 0.007792 0.010655
0 0.840493 0.642857 0.316456 0.368666