0 0.012105 0.516357 0.023730 0.062500
0 0.302144 0.474951 0.062402 0.064062
0 0.482320 0.467139 0.025488 0.035937
0 0.540328 0.471045 0.018457 0.034375
0 0.404097 0.478076 0.021973 0.026562
0 0.188326 0.495264 0.056250 0.039062
0 0.125484 0.499170 0.058887 0.043750
0 0.258199 0.488232 0.030762 0.037500
0 0.560103 0.468701 0.022852 0.026562
0 0.425191 0.469482 0.016699 0.021875
0 0.447603 0.467920 0.022852 0.028125
0 0.644917 0.520264 0.123926 0.210937
0 0.594380 0.477295 0.038672 0.115625
0 0.583833 0.472607 0.033398 0.103125