0 0.052256 0.551250 0.014502 0.023437
0 0.061485 0.547734 0.011865 0.035156
0 0.070054 0.552421 0.015820 0.030469
0 0.083897 0.548906 0.017139 0.032812
0 0.102354 0.547734 0.019775 0.035156
0 0.119493 0.545390 0.022412 0.049219
0 0.142564 0.546562 0.036914 0.065625
0 0.182115 0.551250 0.068555 0.079687
0 0.742417 0.619218 0.089648 0.070312
0 0.870298 0.626250 0.076465 0.075000
0 0.917100 0.648515 0.019775 0.044531
0 0.637608 0.605156 0.119971 0.084375
1 0.008660 0.505547 0.017320 0.166406
0 0.028526 0.545390 0.019775 0.030469