0 0.402971 0.276532 0.009798 0.017419
0 0.383375 0.265645 0.009798 0.013065
0 0.374189 0.283065 0.011023 0.021774
0 0.391948 0.292863 0.007349 0.023952
0 0.404809 0.297218 0.011023 0.023952
0 0.363166 0.272177 0.008574 0.021774
0 0.355204 0.291774 0.007349 0.017419
0 0.298251 0.276532 0.013473 0.021774
0 0.276817 0.276532 0.012248 0.013065
1 0.244972 0.264556 0.026946 0.023952
0 0.220476 0.267823 0.014698 0.013065
0 0.264569 0.297218 0.012248 0.015242
0 0.248647 0.293952 0.012248 0.017419
0 0.236399 0.295040 0.014698 0.019597
0 0.223538 0.293952 0.015922 0.021774
0 0.208841 0.297218 0.013473 0.019597
0 0.195981 0.299395 0.012248 0.019597
0 0.187407 0.295040 0.014698 0.019597
0 0.175771 0.299395 0.015922 0.019597
0 0.158012 0.295040 0.014698 0.019597
0 0.140865 0.284153 0.014698 0.015242
0 0.116369 0.284153 0.014698 0.010887
0 0.122493 0.304839 0.022046 0.017419
0 0.066152 0.283065 0.031845 0.026129
0 0.058191 0.294677 0.045318 0.043548
0 0.017772 0.291048 0.035519 0.045000
0 0.475847 0.344032 0.013473 0.034839
2 0.460537 0.304839 0.012248 0.034839
1 0.432367 0.303750 0.048992 0.102339
0 0.451351 0.346210 0.045318 0.056613
0 0.375413 0.349476 0.069814 0.102339
0 0.526064 0.345121 0.020822 0.032661
1 0.769799 0.315726 0.456850 0.631452
0 0.542599 0.382137 0.014698 0.063145