2 0.024370 0.606547 0.048740 0.152503
0 0.154020 0.602215 0.280745 0.185430
0 0.348494 0.595283 0.125750 0.129974
0 0.444025 0.574487 0.094556 0.119576
0 0.512749 0.571887 0.062388 0.090116
0 0.556615 0.577086 0.037043 0.065854
0 0.581473 0.571021 0.047766 0.067587
0 0.611692 0.566688 0.020471 0.045058
0 0.628751 0.570154 0.013647 0.031194
0 0.641424 0.566688 0.021446 0.038126
0 0.665794 0.569288 0.025345 0.032927
0 0.969446 0.653338 0.059463 0.242619
0 0.932404 0.607414 0.131599 0.199294
0 0.844671 0.584018 0.078959 0.100514
0 0.805191 0.575353 0.031194 0.055456
0 0.784233 0.571021 0.010723 0.036393