0 0.027006 0.512417 0.054012 0.060548
0 0.073162 0.502325 0.068117 0.062791
0 0.124250 0.496719 0.054241 0.065033
0 0.165246 0.503446 0.040365 0.051578
0 0.207503 0.495598 0.059287 0.058306
0 0.239039 0.492234 0.036581 0.056063
0 0.431910 0.477657 0.025228 0.031395
0 0.479213 0.469809 0.026490 0.024668
0 0.494350 0.467566 0.013876 0.024668
0 0.532193 0.465324 0.029013 0.029153
0 0.550483 0.466445 0.012614 0.022425
0 0.506964 0.468687 0.016398 0.026910
0 0.598417 0.520265 0.052980 0.062791
0 0.471645 0.533721 0.081992 0.116611
0 0.772241 0.515780 0.090822 0.067276
0 0.817021 0.526993 0.102175 0.067276
0 0.951363 0.514659 0.025228 0.042608
0 0.973437 0.520265 0.051718 0.080731