0 0.098508 0.350252 0.030605 0.051008
0 0.181715 0.344301 0.022953 0.035705
0 0.219970 0.340901 0.022953 0.042506
0 0.414596 0.317097 0.012433 0.018703
0 0.411727 0.319648 0.014346 0.020403
0 0.407423 0.323898 0.013389 0.022103
0 0.405510 0.331549 0.009564 0.023804
0 0.388773 0.328999 0.031561 0.059509
0 0.355778 0.349402 0.040168 0.069710
0 0.434202 0.336650 0.038256 0.078212
0 0.943003 0.352802 0.077468 0.061209
0 0.159717 0.346852 0.038256 0.039106
0 0.304611 0.363004 0.088944 0.122418
0 0.450939 0.370655 0.071729 0.110516
0 0.834930 0.377456 0.182671 0.100315
0 0.010520 0.361304 0.021041 0.047607
0 0.965478 0.390208 0.068860 0.132620