0 0.352650 0.526146 0.039597 0.054751
0 0.392216 0.534750 0.022059 0.034415
0 0.416004 0.536314 0.011439 0.018772
0 0.434043 0.531621 0.012319 0.018772
0 0.300734 0.528493 0.030797 0.040672
0 0.276536 0.535532 0.036957 0.045365
0 0.244859 0.535532 0.033437 0.061008
0 0.226381 0.541789 0.033437 0.070394
0 0.185904 0.541007 0.063355 0.100116
0 0.111111 0.549611 0.105591 0.132966
0 0.039277 0.571511 0.078553 0.151738
0 0.469680 0.555086 0.020238 0.056315
0 0.486398 0.557432 0.023758 0.073523
0 0.525555 0.560561 0.068634 0.123581
0 0.606508 0.603580 0.117910 0.165817
0 0.804491 0.653637 0.388927 0.300348