0 0.521522 0.609435 0.007798 0.020796
0 0.530295 0.609435 0.009748 0.020796
0 0.537607 0.602503 0.010723 0.013864
0 0.552716 0.600770 0.011698 0.013864
0 0.543455 0.608569 0.018521 0.025995
0 0.567338 0.595571 0.015597 0.017330
0 0.602431 0.590373 0.046791 0.034660
0 0.518110 0.609435 0.010723 0.017330
0 0.510799 0.606836 0.011698 0.015597
0 0.509825 0.611168 0.013647 0.017330
0 0.501051 0.607702 0.013647 0.006932
0 0.493740 0.612901 0.008773 0.017330
0 0.500564 0.617234 0.014622 0.015597
1 0.445650 0.581419 0.057514 0.077985
0 0.284888 0.657670 0.017547 0.024262
0 0.296585 0.660270 0.011698 0.019063
0 0.409176 0.627343 0.016572 0.015597
0 0.394066 0.629942 0.019496 0.013864
0 0.378469 0.632542 0.017547 0.015597
0 0.359460 0.636874 0.022421 0.013864
0 0.323393 0.662869 0.057514 0.062388
0 0.462303 0.671534 0.095531 0.155969
0 0.127944 0.711393 0.062388 0.065854
0 0.211777 0.719192 0.155969 0.171566
0 0.386755 0.812773 0.260274 0.372593
0 0.086601 0.824904 0.173201 0.346598