0 0.392543 0.464420 0.039484 0.035913
0 0.201092 0.467684 0.051421 0.035913
0 0.352141 0.470133 0.052339 0.044075
0 0.238739 0.484825 0.084477 0.050605
0 0.148753 0.476663 0.086313 0.063664
0 0.421926 0.457074 0.011937 0.016324
0 0.523390 0.448096 0.029383 0.031016
0 0.545428 0.450544 0.012855 0.019589
0 0.572056 0.443198 0.029383 0.024486
0 0.656533 0.440750 0.016528 0.019589
0 0.638169 0.440750 0.018365 0.022854
0 0.840638 0.427690 0.015610 0.019589
0 0.864053 0.441566 0.036729 0.017956
0 0.779576 0.426874 0.025710 0.017956
0 0.735501 0.430139 0.018365 0.017956