0 0.117182 0.209655 0.028703 0.048809
0 0.141829 0.229067 0.025583 0.045481
0 0.150565 0.236278 0.029327 0.037716
0 0.251960 0.249034 0.084860 0.061011
0 0.493569 0.275103 0.042430 0.079869
0 0.608380 0.269556 0.052414 0.077650
0 0.684817 0.266228 0.060525 0.079869
0 0.760213 0.266228 0.064893 0.070994
0 0.824482 0.265119 0.053662 0.064339
0 0.894679 0.272329 0.040558 0.061011
2 0.956228 0.194679 0.086283 0.329458
0 0.122798 0.494519 0.244597 0.479211
0 0.070134 0.167289 0.022087 0.026177
0 0.049098 0.179443 0.030501 0.039266