0 0.164976 0.520781 0.018457 0.018750
0 0.140586 0.532500 0.019775 0.023437
0 0.217051 0.514922 0.019775 0.025781
0 0.248033 0.514922 0.023730 0.030469
0 0.395689 0.504375 0.015820 0.028125
0 0.375254 0.507890 0.040869 0.044531
0 0.411509 0.499687 0.015820 0.032812
0 0.334385 0.511406 0.048779 0.075000
0 0.520274 0.478593 0.025049 0.023437
0 0.561802 0.478593 0.023730 0.023437
0 0.423374 0.472734 0.013184 0.016406
0 0.445127 0.473906 0.011865 0.014062
0 0.286265 0.528984 0.076465 0.077344
0 0.434580 0.514922 0.056689 0.072656
0 0.592783 0.505547 0.072510 0.082031
0 0.542686 0.480937 0.022412 0.028125
1 0.552229 0.454044 0.078959 0.034660