0 0.453286 0.572234 0.009748 0.013864
0 0.442075 0.572234 0.010723 0.013864
0 0.428915 0.573100 0.015597 0.015597
0 0.416243 0.567901 0.017547 0.025995
0 0.406982 0.575700 0.018521 0.020796
0 0.395772 0.574833 0.015597 0.029461
0 0.385537 0.580032 0.018521 0.032927
0 0.378713 0.591297 0.034118 0.045058
0 0.366528 0.602561 0.035093 0.046791
0 0.331435 0.594763 0.035093 0.024262
0 0.290005 0.644153 0.059463 0.102247
0 0.465471 0.567901 0.014622 0.019063
0 0.486429 0.567035 0.013647 0.017330
2 0.524447 0.574833 0.076035 0.116110
2 0.597557 0.699609 0.411369 0.233954
0 0.330947 0.647619 0.092607 0.098781