0 0.097903 0.616615 0.045119 0.040785
0 0.297862 0.587991 0.012236 0.023112
0 0.234007 0.600227 0.013000 0.033988
0 0.157534 0.608384 0.034413 0.033988
0 0.056208 0.610423 0.038236 0.024471
0 0.041295 0.641012 0.077238 0.055740
0 0.625930 0.556722 0.076473 0.082931
0 0.758228 0.544486 0.026001 0.031269
0 0.772375 0.549245 0.025236 0.032628
0 0.274537 0.588671 0.039001 0.046224
0 0.321186 0.581193 0.023707 0.033988
0 0.348716 0.587991 0.034413 0.044864
0 0.375099 0.573036 0.019883 0.028550
0 0.390394 0.610423 0.058119 0.108761
0 0.459602 0.640332 0.149122 0.217523
0 0.684432 0.606344 0.167475 0.190332
0 0.518923 0.561189 0.019883 0.031269
0 0.205202 0.604532 0.053531 0.057100
0 0.892013 0.637892 0.212594 0.466314