0 0.351689 0.261623 0.012292 0.016996
0 0.319593 0.249483 0.013658 0.016996
0 0.307984 0.250697 0.020487 0.024281
0 0.289546 0.248269 0.027316 0.024281
0 0.269742 0.244627 0.020487 0.021853
0 0.250621 0.242199 0.020487 0.021853
0 0.221940 0.243413 0.017755 0.014568
0 0.199404 0.239771 0.019121 0.021853
0 0.185747 0.238557 0.013658 0.019424
0 0.172772 0.236129 0.017755 0.019424
0 0.145456 0.230059 0.015024 0.016996
0 0.131798 0.225203 0.017755 0.016996
0 0.109263 0.225203 0.032779 0.021853
0 0.041656 0.214276 0.031413 0.024281
0 0.077850 0.220346 0.019121 0.016996
0 0.362616 0.261623 0.015024 0.016996