0 0.471997 0.626488 0.010915 0.019405
0 0.462642 0.629261 0.010915 0.022177
0 0.448998 0.636884 0.016373 0.031879
0 0.437303 0.635498 0.014813 0.045739
0 0.425608 0.636191 0.028847 0.052669
0 0.401829 0.640349 0.037423 0.066530
0 0.379999 0.642428 0.057694 0.081776
0 0.348424 0.671535 0.035084 0.095637
0 0.268900 0.676386 0.133319 0.169096
0 0.127004 0.710621 0.240910 0.268059
0 0.520335 0.638824 0.010915 0.029107
0 0.530471 0.639517 0.012474 0.030493
0 0.537877 0.642289 0.010135 0.033265
0 0.542555 0.643675 0.011695 0.033265
0 0.550352 0.646447 0.011695 0.038809
0 0.559708 0.645754 0.021050 0.048511
0 0.581927 0.659615 0.034304 0.059600
0 0.615842 0.661001 0.067829 0.098409
0 0.670027 0.683870 0.098235 0.116427
0 0.754502 0.717967 0.155929 0.189887
0 0.487084 0.625795 0.011695 0.016632
0 0.505405 0.641042 0.024949 0.038809
0 0.024637 0.758855 0.048026 0.240893
0 0.911639 0.715333 0.175420 0.395020