0 0.592118 0.589961 0.059793 0.044646
0 0.371481 0.588898 0.034680 0.017008
0 0.406161 0.588898 0.029897 0.021260
0 0.431274 0.583583 0.022721 0.019134
0 0.456387 0.584646 0.022721 0.017008
0 0.321255 0.584646 0.025113 0.021260
0 0.342780 0.576142 0.022721 0.025512
2 0.672839 0.587835 0.104040 0.112677
0 0.750571 0.608032 0.032288 0.034016
0 0.771498 0.589961 0.016742 0.023386
0 0.788240 0.599528 0.016742 0.029764
0 0.814549 0.595276 0.050226 0.076535
0 0.840261 0.592087 0.010763 0.023386
0 0.851621 0.588898 0.021526 0.034016
0 0.861786 0.602717 0.032288 0.031890
0 0.883312 0.593150 0.017938 0.029764
0 0.896466 0.586772 0.029897 0.034016
2 0.169977 0.566575 0.023917 0.023386