0 0.425537 0.726453 0.017193 0.025472
0 0.411209 0.727727 0.020059 0.028019
0 0.394016 0.734095 0.020059 0.030566
0 0.367509 0.739189 0.032954 0.050943
0 0.352465 0.740463 0.037252 0.043302
0 0.466371 0.731548 0.021492 0.035660
0 0.526548 0.743010 0.041551 0.048396
0 0.590737 0.736642 0.058744 0.101887
0 0.631571 0.750652 0.085967 0.109528
0 0.707509 0.767208 0.137547 0.152830
0 0.849498 0.835982 0.299452 0.254717
0 0.142562 0.750652 0.047282 0.048396
0 0.081669 0.810510 0.157606 0.157925
0 0.020059 0.847444 0.040118 0.160472
0 0.244290 0.778671 0.193426 0.236887