0 0.385910 0.557812 0.009492 0.016875
0 0.373781 0.556875 0.012656 0.022500
0 0.367980 0.556875 0.007383 0.018750
0 0.349523 0.555000 0.006328 0.015000
0 0.343195 0.555937 0.006328 0.016875
0 0.410695 0.547500 0.029531 0.015000
0 0.436535 0.560625 0.022148 0.033750
0 0.441808 0.570000 0.022148 0.033750
0 0.575437 0.595312 0.042187 0.084375
0 0.357223 0.555937 0.015820 0.024375
2 0.482519 0.549375 0.068555 0.135000
2 0.426621 0.538125 0.020039 0.026250
2 0.444023 0.542812 0.016875 0.024375
0 0.407637 0.587812 0.049570 0.073125
0 0.527555 0.605625 0.084375 0.120000
0 0.699785 0.636562 0.142383 0.166875
0 0.909035 0.689062 0.180351 0.178125
1 0.327691 0.544687 0.028477 0.046875
2 0.119180 0.534375 0.234141 0.315000