0 0.493744 0.328518 0.013006 0.016008
0 0.479237 0.328518 0.010005 0.016008
0 0.470733 0.327629 0.017008 0.017787
0 0.452223 0.323182 0.022011 0.012451
0 0.434715 0.328518 0.013006 0.016008
0 0.446721 0.352530 0.047023 0.060474
0 0.416706 0.345415 0.033016 0.053360
0 0.504749 0.336522 0.015007 0.042688
0 0.511253 0.338300 0.016008 0.046245
0 0.523759 0.342747 0.031015 0.051581
0 0.553774 0.346304 0.045022 0.058696
0 0.607300 0.354308 0.030015 0.039130
0 0.650822 0.344526 0.067033 0.069368
0 0.711351 0.299170 0.072036 0.024901
0 0.734029 0.430435 0.240119 0.252569
0 0.893709 0.513651 0.211104 0.471344
0 0.238618 0.364625 0.079039 0.056917
0 0.093546 0.364625 0.059029 0.074704
0 0.031015 0.395751 0.062031 0.176087