0 0.321202 0.394218 0.009229 0.023437
0 0.314610 0.397734 0.011865 0.021094
0 0.304722 0.396562 0.013184 0.028125
0 0.295494 0.395390 0.015820 0.030469
0 0.285606 0.398906 0.011865 0.028125
0 0.276377 0.401250 0.011865 0.032812
0 0.266490 0.403593 0.021094 0.032812
0 0.239463 0.396562 0.035596 0.060937
0 0.405576 0.393047 0.006592 0.025781
0 0.410850 0.391875 0.009229 0.023437
0 0.418101 0.390703 0.010547 0.025781
0 0.423374 0.384843 0.013184 0.046875
0 0.431284 0.384843 0.015820 0.046875
0 0.435899 0.391875 0.009229 0.037500
0 0.377232 0.387187 0.010547 0.014062
0 0.386460 0.395390 0.013184 0.021094
0 0.332408 0.396562 0.021094 0.032812
0 0.398326 0.386015 0.010547 0.021094
0 0.206504 0.405937 0.051416 0.060937
2 0.466221 0.357890 0.064600 0.133594
0 0.947422 0.405937 0.104150 0.098437