0 0.473323 0.465833 0.023433 0.027396
2 0.450476 0.465749 0.033110 0.055688
0 0.409502 0.466364 0.025012 0.046245
0 0.390493 0.467852 0.017008 0.042107
0 0.371484 0.458360 0.029014 0.044466
0 0.501048 0.453024 0.014007 0.012451
0 0.512553 0.455692 0.015007 0.021344
0 0.520057 0.461917 0.014007 0.019565
0 0.530562 0.464585 0.013006 0.021344
0 0.540567 0.469921 0.015007 0.028459
0 0.552073 0.469921 0.014007 0.035573
0 0.560577 0.475257 0.017008 0.042688
0 0.580087 0.465474 0.034017 0.087154
0 0.620106 0.477925 0.086043 0.104941
0 0.260557 0.520702 0.336181 0.208282