0 0.016572 0.586618 0.033143 0.195828
0 0.886260 0.610013 0.226474 0.370860
0 0.328998 0.517298 0.108204 0.102247
0 0.610230 0.515565 0.031194 0.036393
0 0.481068 0.506900 0.038018 0.046791
0 0.571237 0.457510 0.011698 0.020796
0 0.120876 0.552824 0.206659 0.204493
0 0.772535 0.564089 0.133549 0.175032
0 0.705761 0.535494 0.081884 0.110911
0 0.498127 0.493903 0.013647 0.031194
0 0.506413 0.489570 0.010723 0.036393
0 0.512262 0.487837 0.010723 0.019063
0 0.520060 0.480905 0.008773 0.019063
0 0.522497 0.473973 0.013647 0.019063
0 0.530783 0.470507 0.008773 0.022529
0 0.606818 0.496502 0.016572 0.019063
0 0.595120 0.489570 0.014622 0.025995
0 0.590246 0.480039 0.010723 0.031194
0 0.584397 0.471374 0.012673 0.020796
0 0.573187 0.441913 0.011698 0.017330