0 0.908593 0.843077 0.010897 0.015295
0 0.899989 0.847666 0.014339 0.018353
0 0.953329 0.858882 0.016633 0.024471
0 0.985448 0.873157 0.028104 0.028550
0 0.613599 0.797696 0.008603 0.022432
0 0.604709 0.797696 0.012618 0.018353
0 0.590370 0.788520 0.009177 0.014275
0 0.581193 0.790559 0.010324 0.008157
0 0.570296 0.789539 0.010324 0.014275
0 0.596106 0.802285 0.016059 0.023452
2 0.602223 0.779513 0.012618 0.016314
0 0.548131 0.787840 0.010324 0.012236
0 0.521748 0.786310 0.017206 0.015295
0 0.463246 0.789029 0.028677 0.024131
0 0.509882 0.784101 0.012044 0.018353
0 0.480632 0.784101 0.009750 0.016314
0 0.442491 0.787670 0.025236 0.029569
0 0.198734 0.775434 0.063090 0.066276
0 0.253221 0.787670 0.112415 0.098905
0 0.117447 0.749457 0.079149 0.045884
0 0.659240 0.833601 0.102822 0.162122