0 0.367303 0.651540 0.022793 0.031991
0 0.343311 0.652606 0.027592 0.021327
0 0.324716 0.659004 0.033590 0.025592
0 0.303122 0.663270 0.026392 0.038389
0 0.279729 0.663270 0.046786 0.038389
0 0.257536 0.668601 0.043187 0.053318
0 0.234743 0.662203 0.043187 0.053317
0 0.215548 0.671801 0.047986 0.063981
0 0.192755 0.675000 0.057583 0.066114
0 0.168163 0.676066 0.056383 0.072512
0 0.084981 0.676066 0.169962 0.136493
0 0.518459 0.641943 0.017995 0.025592
0 0.500464 0.639810 0.015595 0.021327
0 0.478270 0.639810 0.021594 0.025592
1 0.727796 0.612085 0.134360 0.149289