0 0.548771 0.217293 0.011005 0.016008
0 0.558276 0.216403 0.010005 0.014229
0 0.566280 0.215514 0.014007 0.019565
0 0.579786 0.215514 0.019009 0.023123
0 0.597795 0.217293 0.023011 0.023123
0 0.626810 0.218182 0.027013 0.039130
0 0.640316 0.215514 0.040020 0.033794
0 0.672332 0.219071 0.024012 0.030237
0 0.532763 0.214625 0.015007 0.017787
0 0.497746 0.227075 0.055027 0.046245
0 0.453724 0.220850 0.027013 0.030237
0 0.398697 0.223933 0.039019 0.040909
0 0.369683 0.223933 0.037018 0.037352
0 0.280138 0.242609 0.080040 0.053360
0 0.209103 0.254170 0.064032 0.051581
0 0.150074 0.256838 0.056028 0.071146
0 0.120059 0.255949 0.046023 0.055138
0 0.070035 0.264842 0.062031 0.055138
0 0.033517 0.266621 0.063031 0.072925
0 0.733262 0.221265 0.031015 0.039130
0 0.780286 0.212372 0.077038 0.085376
0 0.830310 0.226601 0.057028 0.064032
0 0.889840 0.231937 0.066033 0.056917