0 0.407090 0.604305 0.006118 0.012236
0 0.400972 0.607024 0.009177 0.014955
0 0.394855 0.604985 0.010706 0.016314
0 0.383766 0.604305 0.009941 0.017674
0 0.372677 0.606344 0.013765 0.021752
0 0.358530 0.602266 0.022177 0.024471
0 0.337882 0.601586 0.017589 0.025831
0 0.290087 0.594788 0.012236 0.017674
0 0.283587 0.598187 0.006883 0.013595
0 0.312264 0.591390 0.039766 0.032628
0 0.306656 0.621979 0.063218 0.042145
0 0.264341 0.602946 0.035177 0.039426
0 0.248282 0.602946 0.016824 0.036707
0 0.229928 0.600906 0.032119 0.040785
0 0.182643 0.600227 0.063472 0.058459
0 0.145171 0.602946 0.043589 0.058459
0 0.054296 0.595468 0.108591 0.190332
2 0.147593 0.573943 0.056590 0.058459
0 0.124268 0.595015 0.026765 0.032628
0 0.430542 0.597054 0.010706 0.020393
0 0.438572 0.595015 0.008412 0.019033
0 0.447366 0.589577 0.012236 0.008157
0 0.460749 0.603172 0.013000 0.021752
0 0.469543 0.608610 0.010706 0.027190
0 0.479484 0.609970 0.012236 0.021752
0 0.487514 0.615408 0.008412 0.019033
0 0.500897 0.609970 0.026001 0.038066
0 0.563605 0.617900 0.007647 0.012236
0 0.571634 0.617221 0.009941 0.013595
0 0.581193 0.617900 0.009177 0.012236
0 0.593047 0.617900 0.014530 0.014955
0 0.616371 0.619260 0.012236 0.014955
0 0.627842 0.621299 0.013765 0.021752
0 0.636254 0.622659 0.010706 0.021752
0 0.651931 0.621979 0.026765 0.025831
0 0.679716 0.622659 0.029824 0.024471
0 0.707246 0.627417 0.032883 0.033988
0 0.731717 0.630136 0.037472 0.036707
0 0.764601 0.637613 0.042060 0.035347
0 0.913723 0.668202 0.072649 0.096526
0 0.448258 0.611103 0.026765 0.042145
0 0.533908 0.616541 0.057355 0.088369
0 0.824887 0.659139 0.120827 0.118278
0 0.976430 0.687689 0.046648 0.069335