0 0.232390 0.394960 0.030763 0.034659
0 0.199103 0.389873 0.032138 0.034281
0 0.161455 0.387424 0.041320 0.045707
0 0.120135 0.384160 0.048666 0.048972
0 0.069173 0.385792 0.051421 0.055502
0 0.023764 0.381920 0.045080 0.093466
0 0.662720 0.450218 0.042239 0.068561
0 0.363465 0.393682 0.024792 0.031016
0 0.377239 0.391233 0.011937 0.016324
0 0.422232 0.392050 0.008264 0.014692
0 0.473194 0.401028 0.014692 0.022854
0 0.548489 0.423882 0.014692 0.029383
0 0.327325 0.398514 0.039260 0.045918
0 0.279283 0.395759 0.052691 0.051429
0 0.432723 0.395204 0.013431 0.020204
0 0.457002 0.397041 0.014464 0.016531
0 0.399145 0.391531 0.010332 0.016531
0 0.410510 0.391531 0.012398 0.020204
0 0.495918 0.427194 0.061990 0.091531
0 0.579777 0.422602 0.049247 0.071939
0 0.878016 0.490714 0.131212 0.174490
0 0.759719 0.488877 0.202500 0.207551
0 0.946416 0.537408 0.104349 0.136694