0 0.149633 0.719192 0.299266 0.318870
0 0.899260 0.701862 0.197886 0.183697
0 0.342645 0.621278 0.057514 0.067587
0 0.432815 0.622144 0.050690 0.076252
0 0.503976 0.627343 0.040942 0.065854
0 0.579036 0.631675 0.044841 0.060655
0 0.788132 0.671534 0.100405 0.116110
0 0.726232 0.652471 0.081884 0.091849
0 0.677491 0.645539 0.056539 0.074519
0 0.648247 0.636874 0.044841 0.074519
0 0.627289 0.628210 0.034118 0.067587
0 0.616079 0.630809 0.017547 0.062388
0 0.606330 0.630809 0.015597 0.048524
0 0.536632 0.620411 0.012673 0.027728
0 0.548817 0.625610 0.031194 0.048524
1 0.472782 0.594416 0.025345 0.024262
0 0.470345 0.622144 0.024370 0.034660
0 0.035580 0.573620 0.063363 0.045058
0 0.282694 0.612613 0.013647 0.025995
0 0.296829 0.616079 0.020471 0.029461
1 0.509825 0.596149 0.023395 0.031194
0 0.375301 0.610880 0.019496 0.029461