0 0.693955 0.427985 0.014626 0.028082
0 0.687519 0.432146 0.009946 0.030162
0 0.679914 0.434746 0.015796 0.029122
0 0.667336 0.437346 0.019891 0.034322
0 0.659145 0.442026 0.012871 0.035362
0 0.640424 0.438906 0.033932 0.049923
0 0.612927 0.448267 0.042122 0.047843
0 0.763379 0.419665 0.007605 0.023921
0 0.767474 0.424865 0.007605 0.034322
0 0.780052 0.427465 0.024571 0.045763
0 0.784061 0.441432 0.016381 0.054083
0 0.820041 0.437272 0.064939 0.097766
0 0.899104 0.488458 0.132803 0.175176
0 0.946235 0.546656 0.105306 0.351541
0 0.118001 0.569538 0.236003 0.336980
0 0.558006 0.462827 0.070204 0.076965