0 0.260656 0.428259 0.014162 0.019183
0 0.251889 0.432456 0.015511 0.020382
0 0.233343 0.434254 0.016186 0.019183
0 0.221203 0.436052 0.018883 0.017984
0 0.185797 0.441208 0.016860 0.026377
0 0.170623 0.441208 0.018883 0.026377
0 0.154438 0.446603 0.014837 0.022780
0 0.140950 0.447203 0.029674 0.033570
0 0.123753 0.451399 0.041138 0.029973
0 0.079242 0.451998 0.055975 0.043162
0 0.044510 0.459192 0.043162 0.047957
0 0.016186 0.463388 0.032371 0.041963
0 0.368223 0.419227 0.008093 0.021581
0 0.463313 0.403042 0.009442 0.015586
0 0.460616 0.408437 0.009442 0.014387
0 0.456569 0.416230 0.009442 0.027575
0 0.430268 0.410835 0.006744 0.016785
0 0.671366 0.410635 0.022255 0.040764
0 0.695644 0.387855 0.035743 0.021581
0 0.732736 0.411834 0.057324 0.055151
0 0.699353 0.419028 0.029674 0.035968
0 0.685191 0.417829 0.024278 0.031172
0 0.792421 0.391452 0.052603 0.028774
0 0.776910 0.419028 0.067440 0.055151
0 0.845698 0.411834 0.090370 0.079130
0 0.890546 0.383659 0.018209 0.025178
0 0.932359 0.410036 0.128811 0.106705
0 0.989346 0.369272 0.020232 0.039565
0 0.983613 0.426565 0.031697 0.073135
0 0.353049 0.425222 0.026302 0.033570
0 0.406664 0.430617 0.039115 0.053952
0 0.443418 0.422824 0.028999 0.045560
0 0.310899 0.433615 0.039115 0.050355
1 0.570880 0.368073 0.179391 0.292540
0 0.476666 0.403681 0.008093 0.015586