0 0.368662 0.415312 0.011865 0.028125
0 0.356138 0.408281 0.015820 0.037500
0 0.352183 0.422343 0.015820 0.046875
0 0.332408 0.414140 0.042187 0.082031
0 0.318565 0.427031 0.043506 0.079687
0 0.558506 0.441093 0.009229 0.028125
0 0.571030 0.437578 0.013184 0.035156
2 0.426670 0.411797 0.017139 0.053906
2 0.493907 0.415312 0.030322 0.051562
0 0.591465 0.441093 0.035596 0.046875
0 0.513682 0.429375 0.025049 0.042187
0 0.457424 0.424687 0.023980 0.032812
0 0.398985 0.422343 0.051416 0.084375
0 0.266490 0.443437 0.084375 0.093750
0 0.669907 0.451640 0.113379 0.105469
0 0.923032 0.510234 0.150293 0.100781