0 0.980986 0.501054 0.034322 0.070169
0 0.814524 0.520884 0.060064 0.064068
0 0.896897 0.551393 0.202500 0.152542
0 0.920493 0.707749 0.155307 0.327966
0 0.626611 0.544528 0.034322 0.108305
0 0.398716 0.491949 0.012013 0.016780
0 0.388849 0.492712 0.007722 0.015254
0 0.374691 0.493474 0.013729 0.016780
0 0.335650 0.492712 0.019735 0.021356
0 0.329643 0.497288 0.011155 0.018305
0 0.296179 0.504152 0.011155 0.022881
0 0.354098 0.497288 0.018877 0.030508
0 0.314198 0.501864 0.028316 0.039661
0 0.277731 0.502627 0.024025 0.032034
0 0.254564 0.511017 0.025742 0.030508
0 0.182917 0.514068 0.060922 0.061017
0 0.144733 0.512542 0.036038 0.061017
2 0.077806 0.510254 0.104682 0.105254