0 0.076265 0.578493 0.032520 0.021146
0 0.123287 0.571461 0.058008 0.035208
0 0.158882 0.574170 0.030762 0.028125
2 0.190962 0.548389 0.050977 0.082812
0 0.239302 0.570857 0.028125 0.030874
0 0.269624 0.580420 0.013184 0.021875
0 0.424751 0.587451 0.017578 0.032812
0 0.444527 0.602295 0.036035 0.059375
0 0.491988 0.606201 0.078223 0.120312
1 0.382564 0.515957 0.087891 0.122675
0 0.035716 0.565576 0.071431 0.064062
0 0.358833 0.647607 0.142383 0.228125
0 0.582954 0.650732 0.163477 0.181250
0 0.967540 0.855184 0.062372 0.279979
0 0.297435 0.582828 0.008576 0.012474