0 0.022421 0.529429 0.044841 0.077985
0 0.067749 0.532895 0.045816 0.053723
0 0.094069 0.511233 0.014622 0.027728
0 0.166205 0.516432 0.045816 0.041592
0 0.322661 0.496502 0.031194 0.025995
0 0.348494 0.493903 0.014622 0.017330
0 0.362629 0.496502 0.011698 0.019063
0 0.927530 0.480039 0.143297 0.117843
0 0.734518 0.484371 0.063363 0.064121
0 0.687727 0.488704 0.030219 0.051990
0 0.659945 0.488704 0.029244 0.041592
0 0.637524 0.488704 0.015597 0.041592
0 0.624364 0.487837 0.016572 0.032927
0 0.611692 0.485238 0.010723 0.034660
0 0.603893 0.482638 0.012673 0.029461
0 0.589759 0.483505 0.009748 0.024262
0 0.585860 0.481772 0.013647 0.027728
0 0.562952 0.482638 0.016572 0.012131