0 0.057514 0.409853 0.115027 0.227022
0 0.146221 0.402054 0.097481 0.117843
0 0.221281 0.388190 0.077985 0.090116
0 0.276845 0.370860 0.060438 0.083184
0 0.357267 0.359596 0.036068 0.039859
0 0.376763 0.358729 0.014622 0.031194
0 0.389923 0.353530 0.017547 0.027728
0 0.406495 0.350931 0.013647 0.025995
0 0.431840 0.352664 0.027295 0.029461
0 0.475219 0.349198 0.026320 0.039859
0 0.699912 0.388190 0.148171 0.176765
0 0.620953 0.374326 0.058488 0.121309
0 0.584885 0.369994 0.042892 0.095315
0 0.566851 0.367394 0.032169 0.069320
0 0.536144 0.361329 0.048740 0.064121
0 0.447437 0.343999 0.011698 0.022529
0 0.509825 0.348331 0.019496 0.031194