0 0.472854 0.367879 0.061799 0.083231
0 0.419014 0.402836 0.079589 0.133169
0 0.355343 0.359556 0.032772 0.033292
0 0.306653 0.392016 0.045881 0.051603
0 0.256558 0.451110 0.089889 0.123181
2 0.634373 0.244698 0.068353 0.076572
0 0.742053 0.221393 0.077717 0.063255
0 0.793084 0.186437 0.037454 0.046609
0 0.819301 0.166461 0.028090 0.049938
0 0.842710 0.160635 0.022472 0.041615
0 0.809789 0.219202 0.121428 0.098823
0 0.880251 0.150770 0.054589 0.045058
0 0.392328 0.322102 0.024345 0.024969
0 0.429890 0.304140 0.013647 0.022529