0 0.313724 0.423711 0.017397 0.016495
0 0.356057 0.426804 0.060309 0.014433
0 0.289369 0.421650 0.019716 0.008247
0 0.278930 0.429897 0.019716 0.012371
0 0.267333 0.417526 0.022036 0.016495
0 0.236018 0.420619 0.010438 0.006186
0 0.226160 0.427835 0.009278 0.016495
0 0.215142 0.431959 0.012758 0.028866
0 0.241817 0.446392 0.049871 0.082474
0 0.487113 0.431615 0.037113 0.037113
0 0.423905 0.436770 0.019716 0.022680
0 0.459278 0.453265 0.046392 0.072165
0 0.532925 0.448110 0.038273 0.028866
0 0.501031 0.494502 0.083505 0.101031
1 0.456379 0.409966 0.038273 0.018557
1 0.414046 0.408935 0.041753 0.065979
0 0.196005 0.432990 0.027835 0.028866
0 0.121778 0.437113 0.085825 0.094845
0 0.625709 0.565979 0.247036 0.303093
0 0.332861 0.634021 0.331701 0.402062
0 0.900000 0.591753 0.197165 0.210309
0 0.909858 0.782474 0.177448 0.430928