0 0.091251 0.592273 0.182503 0.240378
0 0.665990 0.581347 0.139310 0.174820
0 0.241914 0.542498 0.124286 0.160252
0 0.335471 0.525501 0.060094 0.111691
0 0.146992 0.491509 0.073752 0.111691
0 0.181820 0.484224 0.039608 0.067986
0 0.362786 0.523073 0.035510 0.082554
0 0.396248 0.519431 0.025950 0.046133
0 0.410589 0.520645 0.010926 0.038849
0 0.420832 0.517003 0.012292 0.031565
0 0.429027 0.517003 0.012292 0.021853
0 0.437221 0.514575 0.012292 0.026709
0 0.591555 0.558280 0.053266 0.104407
0 0.573800 0.550996 0.055997 0.104407
0 0.539655 0.538856 0.028681 0.055845
0 0.528729 0.531572 0.031413 0.050989
0 0.513705 0.527929 0.028681 0.038849
0 0.500047 0.524287 0.036876 0.036421