0 0.520274 0.598828 0.009229 0.039844
0 0.384483 0.592968 0.017139 0.023437
0 0.362730 0.582421 0.013184 0.025781
0 0.341636 0.587109 0.013184 0.021094
0 0.326475 0.587109 0.017139 0.021094
0 0.308018 0.581250 0.011865 0.028125
0 0.295494 0.581250 0.013184 0.028125
0 0.273741 0.573046 0.027686 0.035156
0 0.250010 0.577734 0.019775 0.035156
0 0.216392 0.576562 0.047461 0.037500
0 0.035686 0.553125 0.071373 0.084375
0 0.463584 0.608203 0.048779 0.082031
0 0.498521 0.604687 0.021094 0.028125
0 0.532798 0.596484 0.015820 0.035156
0 0.577238 0.614885 0.082507 0.115542
0 0.820859 0.625781 0.317724 0.398437