0 0.422694 0.531571 0.018353 0.035347
0 0.402046 0.534290 0.021412 0.032628
0 0.389428 0.535650 0.016059 0.032628
0 0.381399 0.539728 0.018353 0.029909
0 0.478137 0.530891 0.016059 0.025831
0 0.489608 0.531571 0.017589 0.032628
0 0.502608 0.535650 0.019118 0.040785
0 0.372604 0.538369 0.019118 0.048943
0 0.313338 0.550604 0.119298 0.171299
0 0.143599 0.564072 0.287198 0.554683
0 0.542738 0.547205 0.033648 0.053021
0 0.601309 0.564892 0.095453 0.123743
0 0.649800 0.564199 0.041295 0.095166
0 0.691860 0.566239 0.088708 0.110121
0 0.789883 0.579181 0.078002 0.097885
0 0.893504 0.598214 0.198065 0.203927
0 0.928398 0.690688 0.141475 0.451359
0 0.437044 0.528925 0.011815 0.026733
0 0.451007 0.533699 0.020408 0.024823