0 0.216145 0.401044 0.030348 0.051554
0 0.170286 0.414831 0.073510 0.086323
0 0.085986 0.416630 0.104532 0.116297
0 0.298422 0.409676 0.012814 0.041963
0 0.480848 0.392891 0.014837 0.029973
0 0.457244 0.396488 0.032371 0.056350
0 0.531765 0.397087 0.007418 0.021581
0 0.548288 0.398886 0.021581 0.046758
0 0.254923 0.409436 0.089021 0.093517
0 0.412396 0.398646 0.073510 0.127087
0 0.345293 0.398646 0.048557 0.047957
0 0.506812 0.397447 0.045185 0.069538
0 0.609995 0.395049 0.124764 0.160657
0 0.020438 0.425622 0.040862 0.129485