2 0.435788 0.641939 0.016531 0.027551
0 0.446585 0.652500 0.016531 0.025714
0 0.468798 0.655255 0.030995 0.056939
0 0.497726 0.660765 0.066122 0.075306
0 0.523039 0.676377 0.059923 0.088163
0 0.364965 0.653418 0.020663 0.027551
0 0.341202 0.655255 0.035128 0.038571
0 0.310207 0.662602 0.028929 0.049592
0 0.268881 0.676377 0.055791 0.058775
0 0.585545 0.682806 0.123980 0.148775
0 0.383510 0.646347 0.018597 0.023878
0 0.204394 0.692449 0.044426 0.077143
0 0.163756 0.695816 0.067156 0.097347
0 0.096601 0.718775 0.077487 0.084490
0 0.033865 0.726792 0.066582 0.140319
0 0.410669 0.653906 0.017139 0.021094