0 0.493048 0.493705 0.013658 0.019424
0 0.361933 0.510702 0.024584 0.024281
0 0.521729 0.498966 0.013658 0.031565
1 0.553484 0.495324 0.046437 0.036421
0 0.533680 0.506250 0.015024 0.024281
0 0.478366 0.508678 0.024584 0.029137
0 0.589677 0.514749 0.036876 0.046133
0 0.662064 0.530531 0.096971 0.131115
0 0.431929 0.509892 0.035510 0.036421
0 0.281693 0.511107 0.021853 0.019424
0 0.218867 0.520212 0.032779 0.044919
0 0.156041 0.522033 0.040974 0.048561
0 0.134188 0.518391 0.051900 0.021853
0 0.127359 0.535387 0.062826 0.031565
0 0.067265 0.523854 0.057363 0.040063
0 0.507559 0.501568 0.021853 0.043705
0 0.016762 0.548177 0.031965 0.079004