0 0.059570 0.569260 0.053558 0.037406
0 0.085392 0.584077 0.052920 0.052141
0 0.019720 0.588611 0.038893 0.070277
0 0.247933 0.565779 0.034430 0.047607
0 0.227211 0.562945 0.017215 0.021537
0 0.214141 0.566912 0.015302 0.034005
0 0.278629 0.572580 0.053558 0.074811
0 0.156347 0.591849 0.106478 0.124685
2 0.299988 0.541975 0.064397 0.038539
0 0.373311 0.554849 0.014665 0.026071
0 0.350358 0.554849 0.036343 0.032872
0 0.416440 0.561083 0.011477 0.015869
0 0.403688 0.555415 0.007651 0.011335
0 0.453421 0.547481 0.015302 0.011335
0 0.465535 0.554282 0.008926 0.011335
0 0.455015 0.557682 0.013389 0.015869
0 0.435659 0.558249 0.020403 0.028338
0 0.475828 0.549181 0.012752 0.019270
0 0.487942 0.557116 0.017853 0.019270
2 0.535397 0.556549 0.040806 0.047607
0 0.542912 0.532179 0.032517 0.037406
0 0.556438 0.564645 0.028054 0.043073
0 0.648570 0.549343 0.018490 0.026071
0 0.656859 0.563512 0.023591 0.045340
0 0.689376 0.564645 0.056746 0.061209
0 0.733051 0.575980 0.063759 0.068010
0 0.807969 0.576547 0.115405 0.096348
0 0.930387 0.589016 0.135808 0.139421
0 0.608037 0.594116 0.105203 0.122418