0 0.066774 0.525313 0.077010 0.055889
0 0.116977 0.525096 0.058488 0.045058
2 0.170591 0.517298 0.058488 0.057189
0 0.207634 0.512966 0.029244 0.034660
0 0.241752 0.511233 0.015597 0.027728
0 0.284156 0.511233 0.020471 0.024262
0 0.261249 0.511233 0.025345 0.017330
0 0.300728 0.511233 0.022421 0.024262
0 0.347519 0.504301 0.012673 0.017330
0 0.368965 0.503434 0.014622 0.025995
0 0.486917 0.500835 0.022421 0.051990
0 0.501539 0.506034 0.008773 0.017330
0 0.532245 0.508633 0.023395 0.053723
0 0.540531 0.515565 0.022421 0.053723
0 0.573565 0.507767 0.065531 0.100514
0 0.632650 0.518165 0.099430 0.135173
0 0.663357 0.545892 0.090657 0.159435
0 0.836873 0.549358 0.320712 0.343132
0 0.962032 0.696663 0.074675 0.339666
0 0.477168 0.512966 0.038018 0.051990
0 0.511896 0.500711 0.008773 0.015597