0 0.290614 0.451066 0.014396 0.019194
0 0.279217 0.458531 0.020394 0.025592
0 0.260623 0.467061 0.028791 0.034123
0 0.244427 0.473459 0.020394 0.034123
0 0.223434 0.469194 0.040788 0.059716
0 0.174848 0.488388 0.080376 0.089573
0 0.089074 0.508649 0.124763 0.117299
0 0.340999 0.453199 0.011996 0.014929
0 0.351796 0.450000 0.011996 0.021327
0 0.361393 0.448933 0.009597 0.027725
0 0.380587 0.440403 0.028791 0.053317
0 0.392583 0.446801 0.026392 0.044787
0 0.422575 0.451066 0.055184 0.061848
2 0.571330 0.424407 0.208738 0.179147
0 0.757875 0.378554 0.164351 0.191943
0 0.680331 0.374962 0.064192 0.063130