0 0.452038 0.412973 0.028701 0.038268
0 0.429316 0.418288 0.014350 0.027638
0 0.417955 0.424665 0.017938 0.023386
0 0.386863 0.428917 0.017938 0.036142
0 0.376698 0.429980 0.016742 0.038268
0 0.355172 0.433169 0.040659 0.048898
1 0.249420 0.417809 0.152039 0.196760
0 0.084641 0.530330 0.169281 0.257037
0 0.565525 0.421795 0.015546 0.029764
0 0.579876 0.423921 0.020330 0.042520
0 0.604391 0.423921 0.028701 0.063780
0 0.638473 0.430299 0.046639 0.068032
0 0.680328 0.440929 0.070556 0.089291
0 0.833085 0.555615 0.254720 0.376490