0 0.476050 0.663473 0.011528 0.020493
0 0.463802 0.665394 0.011528 0.014089
0 0.456958 0.668596 0.009366 0.015370
0 0.445070 0.662832 0.015850 0.021774
0 0.435704 0.665394 0.008646 0.019213
0 0.427779 0.666675 0.011528 0.024336
0 0.422015 0.669236 0.012968 0.014089
0 0.416972 0.673719 0.011528 0.015370
0 0.510273 0.659630 0.035303 0.058918
0 0.529725 0.682685 0.065563 0.084535
0 0.360451 0.677306 0.022335 0.046110
0 0.341719 0.682429 0.036744 0.051233
0 0.330552 0.685631 0.023055 0.047391
0 0.287323 0.677306 0.060519 0.046110
0 0.292367 0.704844 0.086456 0.106309
0 0.205910 0.723416 0.096543 0.097343