0 0.224196 0.487653 0.059923 0.132245
0 0.398284 0.423367 0.009298 0.022041
0 0.384337 0.425204 0.020663 0.033061
0 0.365223 0.429796 0.025829 0.049592
0 0.348693 0.444490 0.017564 0.049592
0 0.332162 0.443571 0.036161 0.058775
0 0.316664 0.450918 0.032028 0.066122
0 0.297551 0.461939 0.028929 0.077143
0 0.261907 0.463775 0.069222 0.110204
0 0.104349 0.517041 0.208699 0.231429
0 0.428763 0.424286 0.014464 0.020204
0 0.412232 0.425204 0.020663 0.029388
0 0.538795 0.455510 0.075421 0.101020
0 0.504184 0.450918 0.033061 0.066122
0 0.488170 0.450918 0.027895 0.047755
0 0.474738 0.430714 0.026862 0.055102
0 0.454592 0.422449 0.015497 0.023878
0 0.663807 0.520714 0.195268 0.249796
0 0.102283 0.507857 0.202500 0.209388