0 0.181456 0.511406 0.046143 0.037500
0 0.220347 0.533672 0.047461 0.044531
0 0.137291 0.536015 0.100195 0.063281
0 0.222984 0.547734 0.105469 0.077344
0 0.338340 0.479765 0.080420 0.016406
0 0.454356 0.498515 0.104150 0.086719
0 0.547959 0.493828 0.072510 0.077344
0 0.617173 0.490312 0.047461 0.060937
0 0.684409 0.437578 0.076465 0.021094
0 0.766148 0.466875 0.044824 0.075000
0 0.834702 0.450468 0.092285 0.103125
0 0.351524 0.592265 0.246533 0.217969
0 0.709458 0.557109 0.171387 0.227344
0 0.093694 0.618046 0.187388 0.199219
0 0.935557 0.503203 0.127881 0.274219