0 0.401582 0.682700 0.009494 0.016878
0 0.391614 0.684388 0.012342 0.016878
0 0.400158 0.697046 0.012342 0.028692
0 0.366930 0.691983 0.021835 0.018565
0 0.398259 0.713080 0.016139 0.030380
0 0.384019 0.735021 0.031329 0.057384
0 0.361234 0.736709 0.050316 0.087764
0 0.261551 0.726582 0.063608 0.074262
0 0.309968 0.754430 0.099684 0.109705
0 0.046519 0.694514 0.093038 0.030380
0 0.053165 0.791561 0.106329 0.183966
0 0.165190 0.791561 0.212658 0.204219
0 0.471361 0.710548 0.027532 0.059072
0 0.496044 0.724050 0.031329 0.045570
0 0.511234 0.730801 0.023734 0.052321
0 0.524050 0.735021 0.028481 0.074262
0 0.547785 0.745991 0.047468 0.099578
0 0.606171 0.750211 0.105380 0.162025
0 0.733860 0.799156 0.209810 0.259916
0 0.890981 0.756962 0.214557 0.482700
0 0.436234 0.755274 0.092089 0.145148