0 0.337762 0.605817 0.035760 0.037396
0 0.294639 0.607687 0.033657 0.041136
0 0.292010 0.616101 0.026294 0.020568
0 0.382462 0.612362 0.022087 0.024307
0 0.361952 0.607687 0.027346 0.029917
0 0.555477 0.568421 0.018932 0.014958
0 0.540753 0.570291 0.012621 0.014958
0 0.522347 0.574966 0.019984 0.020568
0 0.518665 0.592729 0.014725 0.026177
0 0.484483 0.589924 0.017880 0.024307
0 0.501311 0.596468 0.030501 0.041136
0 0.559684 0.588054 0.018932 0.020568
0 0.582823 0.585250 0.025242 0.026177
0 0.619635 0.588989 0.033657 0.048615
0 0.646981 0.596468 0.039967 0.056094
0 0.693785 0.598338 0.072572 0.097230
0 0.538123 0.592729 0.026294 0.041136
0 0.467808 0.606619 0.034402 0.053957
0 0.875911 0.653498 0.246666 0.461842