0 0.445423 0.593664 0.015776 0.020568
0 0.391257 0.599273 0.021035 0.031787
2 0.415974 0.579640 0.034708 0.063573
0 0.328677 0.614232 0.013673 0.024307
0 0.313952 0.618906 0.015776 0.029917
0 0.126212 0.661912 0.039967 0.097230
0 0.070994 0.678740 0.108332 0.108449
0 0.583730 0.603948 0.079934 0.097230
0 0.298702 0.624516 0.027346 0.052355
0 0.469088 0.592729 0.021035 0.026177
0 0.420707 0.611427 0.039967 0.063573
0 0.357075 0.614232 0.045226 0.069183
0 0.542186 0.633865 0.110435 0.134626
0 0.677338 0.630125 0.122005 0.127147
0 0.216664 0.661912 0.172490 0.216898
0 0.022838 0.698106 0.045677 0.114058