0 0.184726 0.337933 0.094556 0.090116
0 0.274408 0.325802 0.049715 0.062388
0 0.491303 0.313672 0.038992 0.058922
2 0.383099 0.290276 0.040942 0.088383
0 0.228592 0.320603 0.030219 0.048524
0 0.247114 0.315404 0.022421 0.041592
0 0.307552 0.318004 0.032169 0.050257
0 0.324611 0.304140 0.013647 0.029461
0 0.333872 0.306740 0.010723 0.027728
0 0.358242 0.296342 0.008773 0.031194
0 0.466933 0.306740 0.017547 0.045058
0 0.458160 0.306740 0.015597 0.031194
0 0.445000 0.301541 0.010723 0.024262
0 0.434277 0.298075 0.008773 0.013864