0 0.933463 0.388010 0.041327 0.029082
0 0.922701 0.381888 0.035300 0.022959
0 0.861572 0.374235 0.021524 0.022959
0 0.883958 0.381888 0.043909 0.038265
0 0.849691 0.379592 0.018080 0.033673
0 0.785979 0.380357 0.043909 0.035204
0 0.756276 0.366582 0.017219 0.019898
0 0.815683 0.384949 0.075765 0.044388
0 0.719512 0.380357 0.099012 0.065816
0 0.685074 0.367347 0.012915 0.012245
0 0.673020 0.368878 0.009471 0.015306
0 0.666305 0.371174 0.012915 0.026020
0 0.646072 0.375000 0.039605 0.027551
0 0.616368 0.365051 0.011193 0.013776
0 0.605606 0.365051 0.012054 0.013776
0 0.595275 0.365051 0.006888 0.013776
0 0.585373 0.363521 0.012915 0.016837
0 0.572889 0.363521 0.012054 0.016837
0 0.551796 0.358163 0.016358 0.012245
0 0.521662 0.359694 0.016358 0.015306
0 0.504873 0.357398 0.008610 0.010714
0 0.498415 0.360459 0.011193 0.013776
0 0.479044 0.370408 0.015497 0.021429
0 0.461308 0.358929 0.013776 0.016837
0 0.448393 0.360459 0.020663 0.019898
0 0.435048 0.361225 0.018080 0.018367
0 0.413524 0.361990 0.021524 0.032143
0 0.398887 0.355868 0.016358 0.013776
0 0.375641 0.363521 0.021524 0.022959
0 0.355753 0.361990 0.018941 0.026020
0 0.340686 0.357398 0.009471 0.013776
0 0.332507 0.360459 0.006888 0.013776
0 0.311843 0.355868 0.013776 0.010714
0 0.321744 0.360459 0.019802 0.026020
0 0.298068 0.362755 0.006888 0.015306
0 0.287306 0.365816 0.016358 0.027551
0 0.029703 0.365051 0.011193 0.016837
0 0.042188 0.365816 0.013776 0.024490
0 0.969194 0.386480 0.059407 0.044388
0 0.970485 0.394133 0.056824 0.050510
2 0.030564 0.351276 0.061129 0.044388
2 0.083084 0.352041 0.090402 0.048980
1 0.250628 0.355868 0.045631 0.022959
0 0.568240 0.382653 0.055963 0.052041