0 0.292548 0.284425 0.051288 0.043548
0 0.260780 0.286467 0.018372 0.034022
0 0.233988 0.284425 0.045930 0.054435
0 0.178489 0.279662 0.060474 0.053075
0 0.126818 0.284425 0.022965 0.016331
0 0.073998 0.279662 0.064302 0.023135
0 0.007017 0.283065 0.011482 0.019052
0 0.466189 0.268548 0.021434 0.013609
0 0.470399 0.255620 0.011482 0.014970
0 0.501785 0.261064 0.016075 0.023135
0 0.486857 0.278075 0.015310 0.027218
0 0.501019 0.297127 0.035978 0.051714
0 0.525643 0.286240 0.015310 0.021774
0 0.631282 0.311416 0.029089 0.047631
0 0.599896 0.310055 0.038275 0.055796
0 0.651950 0.319582 0.041337 0.055796
0 0.683718 0.321623 0.060474 0.073488
0 0.718931 0.335912 0.066598 0.074849
0 0.784764 0.342717 0.101811 0.104788
0 0.851107 0.367893 0.115590 0.108871
0 0.938757 0.385812 0.120949 0.183720
0 0.948326 0.613533 0.101811 0.289869
0 0.552690 0.305519 0.064302 0.104788
0 0.458279 0.339541 0.073488 0.129284