0 0.490012 0.410519 0.020059 0.028019
0 0.469237 0.411793 0.010029 0.025472
0 0.447745 0.420708 0.015761 0.033113
0 0.431268 0.433444 0.014328 0.038208
0 0.411925 0.437265 0.027223 0.045849
0 0.172651 0.483963 0.107459 0.096793
0 0.010746 0.469953 0.021492 0.053491
0 0.042267 0.469953 0.041551 0.043302
0 0.741943 0.450849 0.073072 0.106981
0 0.836507 0.459765 0.138980 0.135000
0 0.936802 0.487783 0.124652 0.175755
2 0.381837 0.411586 0.021492 0.038126
2 0.357480 0.419859 0.035820 0.043302
0 0.646186 0.488420 0.164770 0.191038
0 0.094313 0.421983 0.168642 0.374326
0 0.331191 0.423716 0.020471 0.027728