0 0.444023 0.574955 0.016875 0.024375
0 0.453515 0.564643 0.014766 0.026250
0 0.431894 0.582455 0.013711 0.028125
0 0.421875 0.589018 0.021094 0.037500
0 0.510469 0.555268 0.008437 0.015000
0 0.514160 0.564643 0.013711 0.022500
0 0.520488 0.568393 0.015820 0.030000
0 0.527344 0.579643 0.021094 0.033750
0 0.536308 0.591830 0.026367 0.031875
0 0.546328 0.599330 0.035859 0.031875
0 0.177187 0.602812 0.164531 0.151875
0 0.551601 0.613125 0.035859 0.037500
2 0.383906 0.595312 0.063281 0.065625
2 0.496230 0.528750 0.009492 0.022500
0 0.077930 0.590176 0.101250 0.095625
2 0.867480 0.474375 0.091758 0.033750
0 0.836894 0.645000 0.323789 0.333750