0 0.050690 0.569461 0.101380 0.061001
0 0.900235 0.552824 0.106254 0.093582
0 0.236878 0.539827 0.027295 0.043325
0 0.281232 0.520764 0.034118 0.015597
0 0.276845 0.503434 0.027295 0.029461
0 0.293417 0.499968 0.013647 0.022529
0 0.303653 0.525096 0.012673 0.024262
0 0.310476 0.513832 0.020471 0.029461
0 0.330947 0.507767 0.018521 0.017330
0 0.353855 0.524230 0.029244 0.043325
0 0.363603 0.511233 0.023395 0.031194
0 0.310476 0.495636 0.012673 0.013864
0 0.327048 0.493036 0.014622 0.019063
0 0.334846 0.480039 0.022421 0.017330
0 0.350443 0.489570 0.020471 0.025995
0 0.332409 0.532028 0.033143 0.051990
0 0.455235 0.480905 0.013647 0.022529
0 0.448899 0.476573 0.010723 0.024262
0 0.423554 0.483505 0.008773 0.020796
0 0.407957 0.480905 0.014622 0.025995
0 0.432815 0.486104 0.021446 0.036393
0 0.462059 0.491303 0.019496 0.032927
0 0.381637 0.483505 0.016572 0.020796
0 0.265148 0.558890 0.099430 0.077985
0 0.529321 0.538960 0.070186 0.051990
0 0.822738 0.501701 0.019496 0.022529
0 0.116490 0.554557 0.057514 0.065854