0 0.092607 0.489570 0.113078 0.091849
0 0.243215 0.472240 0.078959 0.074519
0 0.380013 0.454044 0.028269 0.038126
0 0.575462 0.485238 0.074085 0.103980
0 0.015110 0.469641 0.030219 0.051990
0 0.061413 0.456932 0.044841 0.040436
0 0.156457 0.461265 0.026320 0.036393
0 0.183751 0.454333 0.024370 0.025995
0 0.214458 0.453466 0.023395 0.024262
0 0.356942 0.457799 0.022421 0.036393
0 0.339396 0.450867 0.008773 0.015597
0 0.440938 0.449711 0.007798 0.015597
0 0.437039 0.451444 0.007798 0.012131
0 0.465308 0.450578 0.005849 0.017330
0 0.528671 0.455777 0.040942 0.065854
0 0.508687 0.448845 0.018521 0.048524
0 0.493578 0.450578 0.015597 0.020796
0 0.622577 0.448845 0.017547 0.027728
0 0.650847 0.454044 0.027295 0.027728
0 0.700562 0.455777 0.029244 0.034660
0 0.739554 0.456643 0.021446 0.032927
0 0.768798 0.462709 0.052640 0.051990
0 0.826800 0.461553 0.063363 0.058922
0 0.905272 0.448556 0.072136 0.084917
0 0.979844 0.473107 0.038018 0.076252
0 0.479605 0.450867 0.015597 0.022529
0 0.453773 0.450867 0.020471 0.019063
0 0.428428 0.451733 0.010723 0.013864
0 0.415756 0.450000 0.012673 0.017330