0 0.427986 0.447166 0.008608 0.006801
0 0.427507 0.458218 0.007651 0.015302
0 0.419856 0.447166 0.007651 0.006801
0 0.415552 0.460258 0.012433 0.019383
0 0.381600 0.466719 0.009564 0.025504
0 0.374428 0.478621 0.014346 0.032305
0 0.650347 0.476921 0.097552 0.103715
0 0.714712 0.560913 0.207537 0.253338
1 0.573835 0.441726 0.053558 0.044207
0 0.398337 0.476496 0.033474 0.054408
0 0.362473 0.485847 0.030605 0.042506
0 0.511670 0.601039 0.248662 0.425063
2 0.792610 0.398284 0.317044 0.429314
0 0.258226 0.475051 0.022953 0.030605