0 0.050690 0.676733 0.101380 0.358729
0 0.991867 0.719192 0.012673 0.083184
0 0.915345 0.630809 0.165717 0.239153
0 0.814939 0.594416 0.155969 0.155969
0 0.059463 0.551958 0.056539 0.053723
0 0.093582 0.538094 0.058488 0.043325
0 0.223231 0.526829 0.052640 0.048524
0 0.265148 0.527696 0.035093 0.036393
0 0.289518 0.528562 0.019496 0.031194
0 0.381150 0.513832 0.023395 0.036393
0 0.427453 0.579686 0.108204 0.150770
2 0.483505 0.507767 0.050690 0.103980
1 0.564569 0.507746 0.091943 0.173341
2 0.657508 0.540693 0.088708 0.107445
0 0.704786 0.530295 0.011698 0.041592
0 0.725744 0.526829 0.038018 0.045058