0 0.449466 0.799050 0.392162 0.397792
0 0.049897 0.699948 0.099795 0.091478
0 0.145014 0.686781 0.074846 0.062372
2 0.241690 0.659753 0.049897 0.049897
0 0.190233 0.676386 0.045219 0.047125
0 0.277164 0.659060 0.022610 0.037423
2 0.288079 0.643121 0.030406 0.060986
0 0.308740 0.646586 0.017152 0.034651
0 0.321214 0.643814 0.015593 0.020791
0 0.331349 0.645893 0.014034 0.022177
0 0.336417 0.643121 0.013254 0.027721
0 0.344603 0.638270 0.012474 0.018018
0 0.352010 0.628568 0.016373 0.015246
0 0.402297 0.608470 0.031186 0.011088
0 0.589802 0.621637 0.021050 0.034651