0 0.201092 0.507678 0.040402 0.037545
0 0.261695 0.501149 0.014692 0.017956
0 0.443045 0.481560 0.017446 0.027751
0 0.343750 0.498747 0.050249 0.071919
0 0.525227 0.467412 0.042239 0.058767
0 0.536245 0.473126 0.047748 0.057134
0 0.552774 0.474758 0.042239 0.066929
0 0.578943 0.478839 0.050503 0.075091
0 0.661125 0.465780 0.121206 0.124063
0 0.685917 0.469045 0.101005 0.137122
0 0.789677 0.453537 0.174463 0.184462
0 0.868950 0.450544 0.225884 0.199154
0 0.947204 0.431891 0.102842 0.208948
0 0.404037 0.522489 0.076282 0.125695
0 0.675602 0.375883 0.199522 0.254118