0 0.246725 0.454670 0.011462 0.022925
0 0.256755 0.459765 0.008597 0.022925
0 0.266784 0.463585 0.011462 0.025472
0 0.223085 0.459765 0.015761 0.028019
0 0.230248 0.494151 0.015761 0.056038
0 0.378542 0.461038 0.020059 0.020377
0 0.391437 0.483963 0.025790 0.035660
0 0.333409 0.477595 0.015761 0.033113
0 0.349886 0.476321 0.022925 0.035660
0 0.367079 0.480142 0.022925 0.033113
0 0.422958 0.483963 0.048715 0.050943
0 0.497749 0.490331 0.034387 0.094245
0 0.540733 0.492878 0.088833 0.119717
0 0.189128 0.489057 0.083101 0.112076
0 0.152592 0.466132 0.024357 0.035660
0 0.236409 0.452123 0.008597 0.022925