0 0.057990 0.347766 0.115979 0.173196
0 0.098582 0.317869 0.099742 0.129897
0 0.153093 0.303436 0.051031 0.076289
0 0.182668 0.296220 0.038273 0.053608
0 0.205284 0.290034 0.027835 0.049485
0 0.217461 0.282818 0.015077 0.039175
0 0.258054 0.290034 0.022036 0.024742
0 0.273711 0.290378 0.009278 0.022680
0 0.282990 0.292096 0.016237 0.037113
0 0.287629 0.292096 0.018557 0.037113
0 0.309085 0.297251 0.038273 0.063918
0 0.323003 0.306529 0.033634 0.057732
0 0.338660 0.314777 0.034794 0.074227
0 0.361276 0.320962 0.049871 0.094845
0 0.417526 0.325086 0.097423 0.127835
0 0.552642 0.341581 0.214562 0.338144