0 0.078967 0.436390 0.157904 0.222023
0 0.114854 0.362292 0.043065 0.041012
0 0.168685 0.379597 0.055984 0.093126
0 0.207444 0.396834 0.100484 0.102079
0 0.236871 0.354726 0.017226 0.022968
0 0.267734 0.379608 0.048807 0.077836
0 0.323718 0.402576 0.090436 0.123771
0 0.356735 0.382798 0.031581 0.071456
0 0.370731 0.375142 0.013637 0.056144
0 0.379703 0.365572 0.008613 0.024244
0 0.396928 0.371314 0.018661 0.040832
0 0.419179 0.377694 0.043065 0.089319
0 0.737140 0.472117 0.195227 0.191399
0 0.530070 0.450425 0.234703 0.362382