0 0.858454 0.540832 0.280817 0.183051
0 0.008002 0.607396 0.016003 0.049923
0 0.037064 0.599076 0.049143 0.045763
0 0.461800 0.563714 0.042123 0.062404
0 0.429623 0.559554 0.015211 0.020801
0 0.412657 0.555393 0.011701 0.020801
0 0.383405 0.561634 0.009361 0.016641
0 0.091473 0.601156 0.031592 0.029122
0 0.119554 0.590755 0.031592 0.033282
0 0.199119 0.587635 0.038612 0.027042
0 0.239487 0.582435 0.018721 0.024961
0 0.264058 0.578275 0.014041 0.016641
0 0.164017 0.588675 0.026912 0.037442
0 0.360004 0.561634 0.014041 0.016641
0 0.332507 0.570994 0.012871 0.014561
0 0.296820 0.574114 0.016381 0.016641
0 0.344793 0.565794 0.011701 0.016641
0 0.746127 0.529392 0.100626 0.081125
0 0.672998 0.541872 0.066694 0.064484
0 0.637895 0.552273 0.029252 0.047843
0 0.614494 0.557473 0.019891 0.033282
0 0.393335 0.559756 0.008773 0.020796