0 0.207037 0.520260 0.021492 0.035660
0 0.223514 0.531722 0.017193 0.028019
0 0.303034 0.522807 0.012895 0.025472
0 0.315213 0.538090 0.014328 0.020377
0 0.270796 0.532996 0.017193 0.030566
0 0.258618 0.535543 0.012895 0.025472
0 0.290139 0.539045 0.027223 0.042665
0 0.326675 0.547005 0.025790 0.028019
0 0.240708 0.540000 0.028656 0.040755
0 0.087809 0.540000 0.115441 0.096793
0 0.630139 0.570567 0.077370 0.061132
0 0.856662 0.525991 0.090265 0.048396
0 0.961971 0.590944 0.074505 0.117170
0 0.800550 0.690793 0.395448 0.361698