0 0.079215 0.464973 0.024584 0.021853
0 0.104482 0.462545 0.015024 0.026709
0 0.124286 0.458903 0.024584 0.033993
0 0.241744 0.463759 0.027316 0.029137
0 0.295009 0.463759 0.027316 0.029137
0 0.316179 0.468615 0.015024 0.029137
0 0.346499 0.463759 0.042339 0.029137
0 0.449343 0.464366 0.021853 0.009712
0 0.437051 0.463152 0.024584 0.012140
0 0.420661 0.461938 0.024584 0.014568
0 0.594457 0.478935 0.012292 0.019424
0 0.587628 0.481363 0.015024 0.019424
0 0.567824 0.487433 0.021853 0.026709
0 0.551321 0.494110 0.019121 0.065558
0 0.609310 0.476420 0.017755 0.021853
0 0.508925 0.524981 0.095605 0.138399
0 0.390102 0.482490 0.054631 0.053417
0 0.916099 0.482577 0.017755 0.016996
0 0.933172 0.481363 0.013658 0.019424
0 0.897661 0.485005 0.010926 0.016996
0 0.946147 0.483791 0.017755 0.014568
0 0.692680 0.477114 0.058729 0.036421
0 0.472106 0.429767 0.021853 0.029137
0 0.585466 0.360567 0.035510 0.012140