2 0.233995 0.489722 0.153344 0.159976
0 0.412132 0.513936 0.048666 0.076723
0 0.412897 0.512304 0.051421 0.066929
0 0.357803 0.515568 0.053257 0.066929
0 0.321074 0.530260 0.089986 0.083253
0 0.547264 0.504142 0.014692 0.014692
0 0.575270 0.513936 0.048666 0.040810
0 0.661125 0.495979 0.018365 0.017956
0 0.618427 0.507406 0.048666 0.044075
0 0.691426 0.504142 0.033056 0.031016
0 0.707954 0.526179 0.049584 0.075091
0 0.749734 0.504142 0.052339 0.027751
0 0.732287 0.562092 0.067031 0.091415
0 0.777740 0.552297 0.082641 0.127328
0 0.542214 0.527811 0.026629 0.058767
0 0.644903 0.562908 0.106515 0.125695
0 0.483294 0.519921 0.099169 0.181197
0 0.094884 0.538422 0.187319 0.161608
0 0.871399 0.670647 0.255268 0.579504