0 0.228257 0.457500 0.018457 0.023437
0 0.469517 0.438750 0.010547 0.014062
0 0.460288 0.437578 0.013184 0.021094
0 0.448423 0.441093 0.015820 0.028125
0 0.438535 0.442265 0.011865 0.030469
0 0.428648 0.443437 0.023730 0.032812
0 0.416783 0.443437 0.015820 0.032812
0 0.400303 0.444609 0.025049 0.039844
0 0.353501 0.451640 0.079102 0.063281
0 0.523570 0.441093 0.010547 0.023437
0 0.536753 0.442265 0.023730 0.030469
0 0.544663 0.453984 0.013184 0.030469
0 0.552573 0.452812 0.013184 0.042187
0 0.559165 0.453984 0.015820 0.053906
0 0.566416 0.458672 0.022412 0.053906
0 0.579600 0.465703 0.027686 0.067969
0 0.600694 0.475078 0.054053 0.072656