0 0.340559 0.358006 0.009177 0.010876
0 0.331382 0.360045 0.010706 0.009517
2 0.313411 0.351208 0.029824 0.024471
0 0.289887 0.356096 0.011471 0.014955
0 0.273063 0.352018 0.017589 0.014955
2 0.242091 0.344815 0.030589 0.035896
2 0.182060 0.329860 0.083355 0.063087
0 0.126817 0.347583 0.022177 0.029909
0 0.094699 0.350302 0.039001 0.024471
0 0.035050 0.354166 0.020648 0.021323
0 0.012479 0.349662 0.023707 0.032628
0 0.348771 0.362408 0.011471 0.021752
0 0.402302 0.363768 0.009941 0.016314
0 0.509364 0.367167 0.013000 0.023112
0 0.256439 0.368202 0.036707 0.042145
0 0.361589 0.364804 0.020648 0.024471
0 0.392560 0.361405 0.012236 0.017674
0 0.425216 0.368202 0.023397 0.025831
0 0.469033 0.365483 0.013765 0.014955
2 0.480431 0.360136 0.011471 0.028550
0 0.451371 0.369653 0.020648 0.031269
0 0.493814 0.368293 0.016824 0.025831
0 0.544286 0.388006 0.038236 0.051662