0 0.014140 0.685189 0.028280 0.106981
0 0.110665 0.666086 0.161905 0.145189
0 0.207378 0.643161 0.065908 0.089151
0 0.256809 0.640614 0.047282 0.048396
0 0.910875 0.725944 0.174800 0.173208
0 0.792670 0.677548 0.116056 0.101887
0 0.716016 0.652076 0.100295 0.132453
0 0.620020 0.725944 0.151875 0.229245
0 0.410254 0.621510 0.025790 0.040755
0 0.438364 0.614778 0.024698 0.028019
0 0.384464 0.624057 0.020059 0.025472
0 0.539204 0.643161 0.042984 0.068774
0 0.515564 0.629152 0.018626 0.045849
0 0.481893 0.626604 0.031521 0.035660