0 0.545322 0.537890 0.011865 0.030469
0 0.532798 0.539062 0.013184 0.042187
0 0.521592 0.540234 0.017139 0.039844
0 0.505113 0.550781 0.029004 0.060937
0 0.568394 0.529687 0.013184 0.023437
0 0.588828 0.539062 0.017139 0.018750
0 0.620469 0.532031 0.022412 0.037500
0 0.638926 0.537890 0.014502 0.039844
0 0.644859 0.537890 0.013184 0.039844
0 0.663316 0.539062 0.039551 0.065625
0 0.706162 0.549609 0.067236 0.058594
0 0.814927 0.574218 0.152930 0.126562
0 0.928229 0.595312 0.139593 0.365625
0 0.453037 0.556640 0.069873 0.114844
0 0.128932 0.706640 0.256658 0.442968