0 0.623716 0.577284 0.120065 0.142762
0 0.584344 0.548870 0.064711 0.116427
0 0.546921 0.537089 0.016373 0.034651
0 0.540684 0.526694 0.039762 0.047125
0 0.529379 0.524615 0.029627 0.029107
0 0.511058 0.527387 0.027288 0.029107
0 0.494295 0.531545 0.007796 0.015246
0 0.492736 0.526001 0.017152 0.023563
0 0.486499 0.523229 0.017152 0.020791
0 0.452584 0.530159 0.017932 0.026335
0 0.475974 0.523922 0.010135 0.016632
0 0.467397 0.526001 0.008576 0.023563
0 0.439720 0.524615 0.010915 0.015246
0 0.329010 0.550256 0.034304 0.047125
0 0.342264 0.531545 0.032745 0.059600
0 0.361366 0.539861 0.007017 0.026335
0 0.367603 0.533624 0.013254 0.033265
0 0.377738 0.530159 0.013254 0.023563
0 0.393331 0.528773 0.008576 0.012474
1 0.412432 0.519071 0.024949 0.045739
0 0.431144 0.528080 0.004678 0.016632