0 0.448646 0.390145 0.011019 0.016324
0 0.457829 0.387697 0.012855 0.027751
0 0.469766 0.390961 0.014692 0.037545
0 0.432118 0.392594 0.012855 0.014692
0 0.486753 0.396675 0.030302 0.062031
0 0.512004 0.403204 0.062440 0.088150
0 0.519350 0.412999 0.044075 0.088150
0 0.558834 0.421977 0.082641 0.122430
0 0.631741 0.447279 0.146917 0.179565
0 0.334419 0.408102 0.047748 0.062031
0 0.310086 0.436669 0.057848 0.096312
0 0.254992 0.442382 0.103760 0.153446
0 0.129470 0.462787 0.249758 0.275877
0 0.043495 0.563996 0.086991 0.301995
0 0.377392 0.416264 0.079886 0.088150
0 0.816094 0.497100 0.366373 0.367291