0 0.106684 0.553313 0.209443 0.420185
0 0.278099 0.499230 0.109987 0.116487
0 0.892971 0.582435 0.209443 0.474268
0 0.745542 0.520031 0.148599 0.199692
0 0.337772 0.460748 0.086585 0.106086
0 0.397446 0.443067 0.037442 0.058243
0 0.419677 0.442027 0.016381 0.047843
0 0.433133 0.444107 0.017551 0.027042
0 0.660712 0.482589 0.114667 0.149769
0 0.595188 0.476349 0.067864 0.120647
0 0.565351 0.457627 0.052653 0.074884
0 0.544290 0.450347 0.036272 0.064484
0 0.522644 0.444107 0.025742 0.056163
0 0.510358 0.447227 0.017551 0.037442
0 0.500412 0.445147 0.018721 0.024961
0 0.489297 0.444107 0.012871 0.018721
0 0.480521 0.442027 0.011701 0.018721
0 0.463555 0.442027 0.019891 0.027042