0 0.076262 0.394184 0.150939 0.322419
0 0.213745 0.374422 0.142749 0.149769
0 0.290970 0.345301 0.070204 0.104006
0 0.823937 0.291217 0.043293 0.045763
0 0.374045 0.341140 0.074884 0.099846
0 0.646086 0.353621 0.111157 0.133128
0 0.756073 0.299538 0.045633 0.033282
0 0.573542 0.329700 0.057333 0.085285
0 0.518548 0.313059 0.019891 0.027042
0 0.498072 0.308899 0.014041 0.018721
0 0.456535 0.312019 0.019891 0.033282
0 0.422603 0.315139 0.019891 0.031202
0 0.438984 0.309939 0.008190 0.024961
0 0.484031 0.309939 0.009361 0.020801