0 0.416151 0.543175 0.018120 0.024892
0 0.425623 0.547568 0.017296 0.030748
0 0.438389 0.557817 0.028003 0.042462
0 0.460626 0.580513 0.041181 0.081996
0 0.495630 0.579781 0.050241 0.115672
0 0.539282 0.593690 0.102952 0.149349
0 0.677649 0.657384 0.264381 0.291377
0 0.370852 0.533658 0.014825 0.017570
0 0.355203 0.544640 0.028003 0.045390
0 0.220381 0.536606 0.237704 0.087892
0 0.274712 0.525211 0.147804 0.107675
0 0.220954 0.563674 0.245438 0.136171
0 0.072623 0.612543 0.145246 0.289549
0 0.866258 0.761342 0.262734 0.429013
2 0.377251 0.524230 0.019496 0.036393
2 0.415268 0.526829 0.015597 0.031194