0 0.045375 0.583661 0.090751 0.284694
0 0.285457 0.481463 0.110300 0.135923
0 0.364995 0.473860 0.058340 0.079912
0 0.397034 0.469610 0.028692 0.061209
0 0.414249 0.476411 0.013389 0.034005
0 0.434334 0.480661 0.019128 0.028904
0 0.464460 0.479811 0.016259 0.027204
0 0.485979 0.475561 0.019128 0.028904
0 0.212923 0.506930 0.035399 0.040636
0 0.448025 0.476631 0.012081 0.020844
0 0.432899 0.457708 0.012433 0.013602
0 0.446288 0.456858 0.014346 0.015302
0 0.434812 0.441556 0.014346 0.008501
0 0.658129 0.453457 0.011477 0.015302
0 0.635176 0.456858 0.022953 0.018703
0 0.626090 0.456858 0.016259 0.015302
0 0.497934 0.458558 0.012433 0.011902
0 0.169413 0.509694 0.022953 0.028648
0 0.132462 0.516160 0.038203 0.030493