0 0.080651 0.648136 0.160920 0.276120
0 0.223855 0.452180 0.230678 0.282850
0 0.314144 0.409429 0.074675 0.129017
0 0.350429 0.387927 0.044174 0.063573
0 0.437726 0.331832 0.031553 0.044875
0 0.457710 0.314069 0.018932 0.028047
0 0.481374 0.315939 0.011569 0.020568
0 0.510824 0.303785 0.022087 0.044875
0 0.529230 0.298176 0.025242 0.052355
0 0.551843 0.294436 0.043122 0.067313
0 0.594439 0.286957 0.075727 0.119668
0 0.635458 0.311264 0.098866 0.175762
0 0.766929 0.330897 0.258735 0.252424
0 0.928901 0.382317 0.140937 0.418837