2 0.528991 0.468827 0.013773 0.032648
2 0.459114 0.464420 0.040402 0.078356
0 0.510168 0.477479 0.014692 0.017956
0 0.503281 0.470949 0.011937 0.024486
0 0.489049 0.469317 0.020201 0.034281
0 0.483998 0.479111 0.010101 0.024486
0 0.434873 0.486457 0.016528 0.032648
0 0.379320 0.490538 0.022956 0.037545
0 0.306321 0.504414 0.036729 0.052237
0 0.545060 0.474214 0.011019 0.021221
0 0.556538 0.476663 0.022956 0.035913
0 0.567741 0.482376 0.028832 0.037545
0 0.409071 0.481560 0.041320 0.058767
0 0.344795 0.506046 0.067031 0.075091
0 0.199562 0.520194 0.062440 0.068561
0 0.116833 0.516820 0.122124 0.111004
0 0.595012 0.494619 0.020201 0.065296
0 0.623018 0.486729 0.059685 0.084341
0 0.634037 0.505230 0.067031 0.089782
0 0.706577 0.526451 0.123961 0.150181