0 0.126696 0.628816 0.027977 0.042632
0 0.109710 0.624375 0.013988 0.033750
0 0.102715 0.616382 0.023980 0.053289
0 0.040766 0.642138 0.055954 0.058618
0 0.032773 0.634708 0.051957 0.061521
0 0.240602 0.592401 0.009992 0.015987
0 0.265082 0.591513 0.008993 0.017763
0 0.314541 0.591513 0.019984 0.024868
0 0.218620 0.610164 0.043964 0.062171
0 0.251593 0.599507 0.017985 0.026645
0 0.286564 0.610164 0.043964 0.058618
0 0.346515 0.594178 0.035970 0.044408
0 0.164165 0.654572 0.082932 0.111908
1 0.285065 0.575526 0.028976 0.021316
0 0.836112 0.514243 0.007993 0.015987
0 0.830117 0.518684 0.009992 0.017763
0 0.806636 0.516908 0.026978 0.031974
0 0.808135 0.524013 0.009992 0.021316
0 0.796644 0.525789 0.016986 0.024868
0 0.787152 0.530230 0.013988 0.030197
0 0.757177 0.529342 0.045962 0.049737
0 0.717210 0.547105 0.047961 0.053289
0 0.862090 0.527566 0.035970 0.046184
0 0.875377 0.512966 0.021446 0.034660