0 0.403599 0.568828 0.015820 0.025781
0 0.368662 0.581718 0.027686 0.046875
0 0.478086 0.557109 0.011865 0.025781
0 0.489292 0.562968 0.015820 0.042187
0 0.503794 0.560625 0.015820 0.032812
0 0.515000 0.565312 0.022412 0.042187
0 0.530821 0.570000 0.022412 0.037500
0 0.551255 0.579375 0.042187 0.042187
0 0.571030 0.598125 0.063281 0.075000
0 0.606626 0.598125 0.047461 0.089062
0 0.234190 0.629765 0.061963 0.105469
0 0.329112 0.595781 0.056689 0.060937
0 0.419419 0.574687 0.039551 0.046875
0 0.698252 0.606328 0.206982 0.185156
0 0.141905 0.647343 0.167432 0.182812