0 0.301857 0.467452 0.010518 0.009349
0 0.274511 0.473996 0.010518 0.007479
0 0.247691 0.481475 0.011569 0.007479
0 0.235070 0.487085 0.009466 0.011219
0 0.173541 0.495499 0.012621 0.016828
0 0.190896 0.505783 0.013673 0.014958
0 0.176171 0.512327 0.013673 0.013089
0 0.206672 0.503913 0.017880 0.014958
0 0.238225 0.510457 0.015776 0.013089
0 0.298702 0.498304 0.012621 0.011219
0 0.280296 0.502043 0.009466 0.007479
0 0.094659 0.516067 0.018932 0.020568
0 0.064684 0.515132 0.022087 0.033657
0 0.272933 0.513262 0.009466 0.011219
0 0.282399 0.513262 0.009466 0.014958
0 0.229811 0.546919 0.032605 0.018698
0 0.204569 0.516067 0.028398 0.039266
0 0.292391 0.514197 0.010518 0.013089
0 0.423336 0.531025 0.017880 0.031787
0 0.407034 0.523546 0.022087 0.035526
0 0.413035 0.565458 0.025676 0.055777
0 0.532720 0.587119 0.108332 0.129017
0 0.344454 0.567486 0.120953 0.198200
0 0.863780 0.753705 0.271071 0.491280
0 0.127881 0.506836 0.021094 0.028125
0 0.453515 0.544336 0.047461 0.070312