0 0.466933 0.473973 0.007798 0.012131
0 0.435252 0.480039 0.010723 0.010398
0 0.424529 0.481772 0.010723 0.010398
0 0.415268 0.483505 0.009748 0.010398
0 0.388948 0.486104 0.011698 0.022529
0 0.381150 0.486104 0.013647 0.022529
0 0.366528 0.494769 0.027295 0.032927
0 0.334846 0.495636 0.034118 0.024262
0 0.301216 0.538094 0.037043 0.053723
2 0.259299 0.548492 0.062388 0.084917
0 0.201298 0.510366 0.069211 0.039859
0 0.220307 0.562356 0.062388 0.077985
0 0.169617 0.612613 0.140372 0.133440
0 0.020471 0.645539 0.040942 0.095315
0 0.570750 0.532895 0.057514 0.081451
2 0.478143 0.521631 0.039967 0.079718
0 0.913782 0.571887 0.170391 0.204493