0 0.435552 0.745583 0.014464 0.023878
0 0.425737 0.757522 0.009298 0.029388
0 0.417472 0.757522 0.011365 0.033061
0 0.407657 0.757522 0.016531 0.033061
0 0.365814 0.771297 0.023763 0.049592
0 0.344117 0.776807 0.042360 0.053265
0 0.302791 0.789665 0.044426 0.078980
0 0.507696 0.742959 0.010332 0.020204
0 0.521644 0.746632 0.023763 0.038571
0 0.540758 0.753979 0.035128 0.060612
0 0.552122 0.754898 0.035128 0.062449
0 0.597065 0.749388 0.089885 0.128571
0 0.649860 0.765918 0.113648 0.154286
0 0.227025 0.797326 0.123980 0.141429
0 0.489793 0.745977 0.017564 0.018367
0 0.470163 0.742828 0.011365 0.018367
0 0.451049 0.752930 0.022730 0.034898