0 0.183561 0.589040 0.014339 0.023452
0 0.209944 0.582413 0.020074 0.030589
0 0.233173 0.577824 0.016059 0.021412
0 0.253247 0.576805 0.022942 0.037727
2 0.268159 0.554373 0.018353 0.047923
2 0.290240 0.555392 0.025810 0.052002
2 0.318344 0.547235 0.030398 0.064237
2 0.371397 0.521235 0.076855 0.108082
0 0.308594 0.575183 0.034986 0.048943
0 0.357632 0.580791 0.067678 0.084630
0 0.414700 0.540422 0.052193 0.075453
0 0.429612 0.549089 0.026957 0.060159
0 0.468326 0.535834 0.065384 0.096866
2 0.580976 0.478317 0.181814 0.220242
0 0.748478 0.660725 0.501279 0.677039