0 0.346804 0.528852 0.025236 0.047583
0 0.158681 0.547885 0.069590 0.072054
0 0.196535 0.525453 0.016824 0.024471
0 0.371658 0.517976 0.021412 0.014955
0 0.396129 0.534290 0.007647 0.023112
1 0.422130 0.516616 0.016824 0.025831
0 0.455778 0.520695 0.008412 0.014955
0 0.443542 0.520015 0.008412 0.013595
1 0.471837 0.517296 0.016059 0.029909
0 0.289311 0.535870 0.013000 0.031269
0 0.052627 0.565779 0.094826 0.148187
0 0.007960 0.550206 0.015920 0.195647
0 0.235026 0.556722 0.113180 0.115559
0 0.316470 0.530211 0.046648 0.062538
0 0.373060 0.532251 0.020648 0.033988
0 0.405943 0.531571 0.020648 0.024471
0 0.436532 0.528852 0.014530 0.021752
0 0.483181 0.531571 0.013000 0.016314
0 0.452974 0.527492 0.010706 0.016314
0 0.551624 0.518656 0.015295 0.014955
0 0.542447 0.535650 0.007647 0.019033
0 0.563859 0.530211 0.027530 0.035347
0 0.594450 0.532795 0.036704 0.043776
0 0.667483 0.532659 0.123121 0.163142
0 0.608599 0.537417 0.014530 0.036707
0 0.793683 0.529443 0.139945 0.183535
0 0.915120 0.547205 0.167179 0.297734