0 0.558488 0.451091 0.029449 0.041136
0 0.630008 0.472594 0.037864 0.065443
0 0.585308 0.481008 0.051537 0.074792
0 0.452785 0.461375 0.030501 0.046745
0 0.408611 0.485682 0.072572 0.095360
0 0.346557 0.477268 0.053640 0.074792
0 0.299753 0.484747 0.077831 0.097230
0 0.239277 0.501576 0.116746 0.123407
0 0.502744 0.507653 0.127264 0.175762
0 0.736762 0.510457 0.208250 0.203809
0 0.818274 0.473996 0.074675 0.104709
0 0.053114 0.544114 0.106228 0.188851
0 0.886153 0.501856 0.071520 0.071053
0 0.928184 0.547853 0.141988 0.239335