1 0.147240 0.404584 0.294480 0.438906
1 0.321391 0.382743 0.058504 0.133128
0 0.745542 0.424345 0.167320 0.170570
0 0.657202 0.396264 0.079565 0.110247
0 0.613324 0.397304 0.043293 0.079045
0 0.565351 0.375463 0.036272 0.043683
0 0.387500 0.384823 0.045633 0.054083
0 0.407977 0.376503 0.021061 0.029122
0 0.420262 0.379623 0.015211 0.022881
0 0.434303 0.375463 0.019891 0.027042
0 0.444834 0.373382 0.012871 0.018721
0 0.450099 0.366102 0.016381 0.016641
0 0.458290 0.372342 0.018721 0.012481
0 0.543705 0.375463 0.016381 0.031202
0 0.533174 0.369222 0.014041 0.027042
0 0.515623 0.371302 0.025742 0.035362
0 0.475841 0.377543 0.021061 0.031202
0 0.486956 0.372342 0.010531 0.024961
0 0.492222 0.368182 0.007020 0.020801
0 0.506848 0.367142 0.015211 0.022881