0 0.411328 0.604553 0.008437 0.022500
0 0.402363 0.604553 0.013711 0.041250
0 0.391816 0.604553 0.022148 0.048750
0 0.370723 0.605491 0.039023 0.065625
0 0.366504 0.615803 0.030586 0.063750
0 0.336445 0.609241 0.071719 0.106875
0 0.320625 0.630803 0.063281 0.116250
0 0.291621 0.643928 0.060117 0.146250
0 0.165586 0.632143 0.238359 0.311786
0 0.441914 0.612321 0.029531 0.047143
0 0.466699 0.610848 0.011602 0.035625
0 0.474082 0.611786 0.015820 0.037500
0 0.481465 0.616473 0.022148 0.054375
0 0.494648 0.619285 0.033750 0.063750
0 0.524180 0.626518 0.052734 0.078750
0 0.533672 0.639643 0.054844 0.082500
0 0.565840 0.645268 0.076992 0.108750
0 0.626786 0.686785 0.113906 0.165000
0 0.767059 0.729910 0.246797 0.303750
0 0.883074 0.784285 0.232031 0.423750