0 0.053127 0.445379 0.106254 0.207959
0 0.699912 0.466175 0.109178 0.145571
0 0.522497 0.423716 0.011698 0.019063
0 0.115027 0.425449 0.091632 0.098781
0 0.197399 0.427182 0.082859 0.084917
0 0.251013 0.422850 0.051665 0.076252
0 0.301703 0.434114 0.092607 0.091849
0 0.374326 0.405520 0.048740 0.038126
0 0.350931 0.405520 0.019496 0.027728
2 0.466446 0.407253 0.018521 0.034660
0 0.644348 0.451444 0.052640 0.098781
0 0.615591 0.460976 0.018521 0.055456
0 0.607793 0.451444 0.039967 0.057189
0 0.597070 0.441913 0.034118 0.051990
0 0.582448 0.439313 0.018521 0.046791
0 0.572700 0.443646 0.016572 0.041592
0 0.562464 0.435847 0.013647 0.032927
0 0.555640 0.426316 0.013647 0.027728
0 0.545892 0.422850 0.009748 0.013864