0 0.781780 0.563033 0.009597 0.017062
0 0.808172 0.576895 0.014396 0.023460
0 0.839963 0.570497 0.010797 0.014929
0 0.854359 0.574763 0.017995 0.023460
0 0.767984 0.567298 0.013196 0.017062
0 0.749990 0.570497 0.017995 0.019194
0 0.848361 0.600355 0.032390 0.049052
0 0.789578 0.596090 0.034790 0.049052
0 0.680410 0.583293 0.020394 0.019194
0 0.649820 0.599289 0.028791 0.029858
0 0.623427 0.583293 0.023993 0.023460
0 0.464475 0.656872 0.238729 0.247393
0 0.234143 0.593957 0.017995 0.019194
0 0.219747 0.601421 0.027592 0.025592
0 0.200553 0.600355 0.027592 0.031991
0 0.163364 0.604620 0.044387 0.036256
0 0.073598 0.624744 0.073111 0.053723