0 0.354879 0.353945 0.010091 0.024668
0 0.366232 0.355066 0.012614 0.031395
0 0.375062 0.359551 0.015137 0.044850
0 0.390830 0.355066 0.026490 0.071761
2 0.447594 0.365158 0.087038 0.123339
0 0.504988 0.376370 0.103436 0.136794
0 0.607163 0.390947 0.176599 0.210797
0 0.265949 0.354319 0.008830 0.017940
0 0.257119 0.357682 0.008830 0.020183
2 0.233783 0.343106 0.040365 0.049336
2 0.182696 0.346096 0.054241 0.071761
0 0.136023 0.366653 0.054241 0.069518
0 0.101965 0.374501 0.061810 0.071761
0 0.044991 0.382350 0.089981 0.078488
0 0.812775 0.474294 0.370857 0.338621
0 0.318876 0.383953 0.075727 0.117798