0 0.516108 0.287629 0.013918 0.041237
0 0.433183 0.312371 0.035954 0.061856
0 0.577577 0.305155 0.037113 0.080412
0 0.603093 0.312371 0.044072 0.098969
0 0.646005 0.319588 0.074227 0.150515
0 0.289369 0.337113 0.022036 0.020619
0 0.234278 0.332990 0.034794 0.049485
0 0.209923 0.336083 0.030155 0.047423
0 0.164111 0.346392 0.059149 0.059794
0 0.101062 0.359175 0.081186 0.065979
0 0.050031 0.374639 0.025515 0.039175
0 0.752866 0.340619 0.215722 0.292784
0 0.484953 0.326186 0.083505 0.123711
0 0.019137 0.378351 0.038273 0.076289
0 0.054510 0.610309 0.109021 0.263918
0 0.887822 0.440206 0.221521 0.612371
1 0.372294 0.283505 0.069588 0.117526
0 0.539304 0.308247 0.018557 0.018557