0 0.505900 0.540374 0.008414 0.009349
0 0.496434 0.538504 0.010518 0.013089
0 0.481183 0.540374 0.015776 0.024307
0 0.468562 0.549723 0.013673 0.046745
0 0.456467 0.550658 0.016828 0.048615
0 0.534297 0.536635 0.006311 0.016828
0 0.543237 0.540374 0.009466 0.016828
0 0.553755 0.539439 0.011569 0.022438
0 0.567428 0.543179 0.015776 0.033657
0 0.586360 0.545049 0.026294 0.048615
0 0.612654 0.551593 0.030501 0.057964
0 0.647362 0.564682 0.041019 0.080402
0 0.423862 0.552528 0.042071 0.082272
0 0.699425 0.569356 0.063106 0.097230
0 0.518521 0.540374 0.016828 0.016828
0 0.967099 0.651628 0.063106 0.216898