0 0.426356 0.602042 0.014328 0.017830
0 0.436385 0.603316 0.017193 0.020377
0 0.445698 0.604589 0.015761 0.033113
0 0.460026 0.609684 0.030088 0.043302
0 0.386238 0.604589 0.014328 0.022925
0 0.378357 0.610957 0.018626 0.025472
0 0.374059 0.613505 0.018626 0.025472
0 0.361880 0.610957 0.020059 0.035660
0 0.351851 0.613505 0.020059 0.040755
0 0.343254 0.614778 0.028656 0.048396
0 0.303136 0.616052 0.022925 0.035660
0 0.280928 0.633882 0.041551 0.071321
0 0.247974 0.647891 0.061610 0.078962
0 0.187081 0.674637 0.088833 0.101887
0 0.151977 0.623693 0.044416 0.030566
0 0.034796 0.633882 0.069592 0.061132
0 0.615483 0.668269 0.128951 0.129906
2 0.502293 0.621146 0.065908 0.086604
0 0.820371 0.743410 0.326675 0.264906
0 0.076756 0.700108 0.151875 0.188491
0 0.325344 0.621146 0.032954 0.040755
0 0.414893 0.600769 0.022925 0.035660