0 0.404900 0.417604 0.109338 0.085207
0 0.464437 0.380325 0.077136 0.045266
0 0.525471 0.370340 0.038942 0.019970
0 0.552806 0.400296 0.045682 0.061243
0 0.706453 0.361021 0.037445 0.038609
0 0.700837 0.372337 0.030705 0.047929
0 0.681740 0.386982 0.053920 0.050592
0 0.736409 0.378994 0.035947 0.042604
0 0.803809 0.363683 0.011982 0.033284
0 0.814294 0.365015 0.025462 0.027959
0 0.828148 0.359024 0.008238 0.013314
0 0.842377 0.348373 0.023216 0.023964
0 0.783215 0.361686 0.030705 0.055917
0 0.494143 0.416494 0.104096 0.086538
0 0.610595 0.392530 0.088369 0.083876
1 0.365552 0.368692 0.234403 0.166420
0 0.094735 0.344157 0.189469 0.688314