0 0.416402 0.672607 0.023730 0.028125
0 0.397066 0.683545 0.009668 0.018750
0 0.392232 0.696045 0.014062 0.034375
0 0.381685 0.699951 0.022852 0.042187
0 0.367183 0.705420 0.023730 0.053125
0 0.350484 0.710107 0.025488 0.075000
0 0.320162 0.715576 0.056250 0.104687
0 0.309175 0.728857 0.051855 0.100000
0 0.232271 0.731201 0.137109 0.170312
0 0.119302 0.763232 0.211875 0.215625
0 0.445406 0.666357 0.007910 0.018750
0 0.451119 0.668701 0.012305 0.017187
0 0.455953 0.674951 0.014941 0.026562
0 0.462105 0.685107 0.018457 0.021875
0 0.468697 0.700732 0.022852 0.043750
0 0.484517 0.714014 0.026367 0.051562
0 0.507808 0.728076 0.039551 0.067187
0 0.542964 0.745264 0.072949 0.114062
0 0.574605 0.762451 0.074707 0.129687
0 0.653267 0.798389 0.182812 0.235937
0 0.832564 0.874951 0.332227 0.245312