0 0.558047 0.392417 0.005998 0.017062
0 0.547850 0.407346 0.007198 0.021327
0 0.558647 0.415876 0.009597 0.021327
0 0.547250 0.426540 0.008398 0.017062
0 0.554448 0.438270 0.008398 0.019194
0 0.565844 0.443602 0.011996 0.008531
0 0.576641 0.462796 0.009597 0.021327
0 0.576041 0.435071 0.003599 0.017062
0 0.574842 0.454265 0.008398 0.021327
2 0.591637 0.454265 0.025193 0.051185
2 0.530455 0.440403 0.010797 0.040521
0 0.522657 0.462796 0.009597 0.021327
2 0.505262 0.457464 0.022793 0.044787
2 0.454278 0.489455 0.035989 0.049052
2 0.400294 0.507583 0.043187 0.085308
2 0.349909 0.517180 0.081576 0.113033
2 0.618629 0.489455 0.035989 0.066114
0 0.594636 0.484123 0.026392 0.029858
0 0.633025 0.501185 0.047986 0.072512
0 0.682210 0.531042 0.098371 0.132227
0 0.536453 0.587559 0.166750 0.253791
2 0.157050 0.512914 0.313738 0.727251