0 0.398209 0.357863 0.090657 0.116110
0 0.475568 0.340657 0.049017 0.057436
0 0.551741 0.347465 0.083833 0.119576
2 0.728181 0.287677 0.138423 0.103980
2 0.804704 0.290276 0.012673 0.060655
0 0.593171 0.322336 0.012673 0.020796
0 0.511774 0.331001 0.013647 0.024262
0 0.136473 0.402054 0.025345 0.020796
0 0.111615 0.364795 0.018521 0.015597
0 0.048251 0.370217 0.030222 0.026441
0 0.096019 0.412106 0.030219 0.027037
0 0.164743 0.395989 0.021446 0.019063
0 0.210558 0.384724 0.013647 0.017330
0 0.009261 0.427182 0.018521 0.022529