0 0.357079 0.563714 0.012871 0.016641
0 0.365854 0.562674 0.014041 0.018721
0 0.378140 0.563714 0.015211 0.020801
0 0.404466 0.564754 0.032762 0.052003
0 0.432548 0.573074 0.060844 0.068644
0 0.450099 0.586595 0.037442 0.066564
0 0.492807 0.586595 0.066694 0.091525
0 0.537854 0.610517 0.093606 0.118567
0 0.635555 0.630278 0.164980 0.166410
0 0.296820 0.567874 0.018721 0.020801
0 0.273733 0.567726 0.011071 0.012185
0 0.184493 0.559554 0.032762 0.062404
0 0.171622 0.564754 0.016381 0.064484
1 0.126575 0.544867 0.076055 0.116737
0 0.049935 0.582435 0.088925 0.083205
0 0.003321 0.602196 0.006643 0.089445
0 0.852603 0.613637 0.292518 0.357781
0 0.334758 0.558513 0.022410 0.039522
0 0.434303 0.532512 0.026912 0.024961