0 0.400294 0.479858 0.011996 0.029858
0 0.383499 0.488388 0.014396 0.021327
0 0.373901 0.468128 0.009597 0.014929
0 0.365504 0.489455 0.014396 0.023460
0 0.350508 0.485189 0.013196 0.023460
0 0.333114 0.490521 0.028791 0.034123
0 0.224546 0.493720 0.025193 0.031991
0 0.195754 0.497985 0.034790 0.040521
0 0.112379 0.486256 0.100770 0.110900
0 0.017201 0.503317 0.034402 0.076777
0 0.570643 0.488388 0.023993 0.046919
0 0.596435 0.501185 0.051585 0.063981
0 0.479470 0.524644 0.172749 0.264455
0 0.773383 0.511848 0.040788 0.076777
2 0.891490 0.491587 0.217020 0.253791