0 0.371889 0.454910 0.008773 0.012131
0 0.364091 0.459243 0.010723 0.010398
0 0.351418 0.460109 0.010723 0.012131
2 0.335334 0.460109 0.021446 0.036393
2 0.316813 0.454910 0.017547 0.046791
0 0.300728 0.467908 0.016572 0.020796
0 0.274408 0.473973 0.024370 0.032927
0 0.288543 0.484371 0.015597 0.022529
2 0.232979 0.455777 0.038992 0.058922
0 0.189600 0.479172 0.059463 0.081451
0 0.146221 0.487837 0.038992 0.064121
0 0.212508 0.496935 0.066287 0.067587
0 0.072136 0.508200 0.060438 0.069320
0 0.029244 0.461409 0.056539 0.069320
0 0.029244 0.526396 0.058488 0.077985
0 0.500564 0.449711 0.010723 0.022529
0 0.514211 0.453177 0.024370 0.036393
0 0.552716 0.486971 0.089682 0.107445
2 0.471807 0.449711 0.044841 0.067587
0 0.423067 0.503434 0.093582 0.133440
2 0.606330 0.412452 0.116977 0.190629