0 0.975155 0.626392 0.046392 0.284536
0 0.040013 0.445979 0.080026 0.109278
0 0.098582 0.444330 0.048711 0.076289
0 0.129317 0.432990 0.052191 0.078351
0 0.172229 0.429897 0.033634 0.068041
0 0.357796 0.451546 0.075387 0.119588
0 0.730438 0.488660 0.243557 0.210309
0 0.591147 0.431443 0.118995 0.168041
0 0.522371 0.439382 0.034794 0.109278
0 0.494536 0.446598 0.034794 0.082474
0 0.478299 0.432165 0.023196 0.057732
0 0.460902 0.429072 0.027835 0.055670
0 0.317784 0.413608 0.020876 0.032990
0 0.403608 0.427010 0.032474 0.063918
0 0.442461 0.413058 0.008119 0.028866
0 0.434923 0.409966 0.006959 0.026804
0 0.282990 0.420275 0.032474 0.030928
0 0.315657 0.416151 0.022036 0.039175