0 0.284288 0.539531 0.035596 0.037500
0 0.395689 0.534843 0.015820 0.028125
0 0.377232 0.537187 0.026367 0.032812
0 0.578281 0.530156 0.022412 0.032812
2 0.571690 0.509062 0.025049 0.046875
0 0.254624 0.547734 0.029004 0.035156
0 0.326475 0.537187 0.051416 0.051562
0 0.501157 0.540703 0.047461 0.072656
0 0.538072 0.521953 0.015820 0.025781
0 0.553233 0.518437 0.014502 0.023437
0 0.526206 0.523125 0.010547 0.023437
0 0.611240 0.530156 0.056689 0.093750
0 0.698911 0.561796 0.118652 0.161719
0 0.026458 0.579375 0.052916 0.079687