0 0.372618 0.032109 0.022412 0.021094
0 0.694297 0.093047 0.025049 0.049219
0 0.709458 0.070781 0.021094 0.037500
0 0.621128 0.077812 0.018457 0.032812
0 0.663316 0.102422 0.044824 0.067969
0 0.818882 0.128203 0.055371 0.072656
0 0.951377 0.116484 0.030322 0.063281
0 0.498521 0.061406 0.015820 0.018750
0 0.521592 0.093047 0.027686 0.049219
0 0.480723 0.087187 0.035596 0.023437
0 0.642881 0.116484 0.051416 0.077344
0 0.578281 0.123516 0.075146 0.110156
0 0.544663 0.112969 0.018457 0.056250
0 0.474131 0.164531 0.090967 0.131250
0 0.754642 0.127810 0.079563 0.095308
0 0.888096 0.130547 0.114697 0.105469
0 0.973130 0.123516 0.052734 0.072656