0 0.241128 0.430472 0.033547 0.038208
0 0.537294 0.462312 0.077370 0.086604
0 0.693468 0.448302 0.054446 0.094245
0 0.783096 0.443470 0.150284 0.159976
0 0.281542 0.417736 0.027223 0.033113
0 0.101011 0.443207 0.067341 0.063681
0 0.033821 0.446191 0.067031 0.088150
0 0.212876 0.437757 0.030302 0.040810
0 0.327195 0.416536 0.016528 0.021221
0 0.348774 0.410006 0.017446 0.021221
0 0.371730 0.410822 0.013773 0.022854
0 0.478091 0.415175 0.020201 0.022854
0 0.497986 0.423065 0.016528 0.034281
0 0.582004 0.437485 0.043157 0.065296