0 0.071060 0.722412 0.141769 0.495333
0 0.126504 0.664394 0.043513 0.107301
0 0.156332 0.623221 0.096150 0.134750
0 0.348632 0.578304 0.007720 0.012477
0 0.339508 0.582671 0.011931 0.021211
0 0.327226 0.589533 0.011229 0.019963
0 0.314242 0.590781 0.014738 0.024954
0 0.359510 0.577680 0.009826 0.016220
0 0.366177 0.588909 0.014738 0.051155
0 0.377406 0.587038 0.035793 0.079852
0 0.434956 0.620102 0.112994 0.180915
0 0.288275 0.585790 0.037197 0.054898
0 0.687613 0.572065 0.076499 0.037431
0 0.644100 0.635698 0.122819 0.137246
0 0.784816 0.671257 0.242832 0.218346