0 0.039762 0.632264 0.046779 0.101181
0 0.252995 0.569199 0.024169 0.022177
0 0.318875 0.576129 0.028067 0.033265
0 0.283921 0.582828 0.055355 0.056827
0 0.420749 0.569661 0.029627 0.047125
0 0.432054 0.551642 0.008576 0.016632
0 0.473765 0.541247 0.017152 0.006930
0 0.483880 0.572016 0.024988 0.049063
0 0.447646 0.548177 0.022610 0.018018
0 0.375919 0.546098 0.028847 0.008316
0 0.159048 0.636884 0.232334 0.228696
0 0.387354 0.585831 0.075626 0.077618
0 0.563474 0.657740 0.175579 0.280310
0 0.452760 0.574897 0.040118 0.058585