0 0.502716 0.431744 0.019204 0.009958
0 0.482311 0.432455 0.024806 0.025606
0 0.468708 0.433167 0.012003 0.018493
0 0.449104 0.447392 0.041610 0.046944
0 0.426699 0.438857 0.011203 0.012803
0 0.396692 0.438857 0.032808 0.029874
0 0.421897 0.469442 0.056013 0.059747
0 0.316673 0.448103 0.048811 0.085353
0 0.285066 0.455216 0.022405 0.031296
0 0.229453 0.422498 0.052012 0.025606
0 0.243456 0.459484 0.105624 0.102424
0 0.536724 0.435301 0.047211 0.017071
0 0.569532 0.419652 0.040809 0.048367
0 0.575533 0.446681 0.016004 0.022761
0 0.600739 0.448103 0.040809 0.073973
0 0.611141 0.469442 0.045611 0.071128
0 0.649150 0.490069 0.081619 0.101001
0 0.761176 0.544837 0.209648 0.207692
0 0.513519 0.577556 0.202447 0.281665
0 0.353082 0.475843 0.099223 0.115227
0 0.183042 0.477266 0.023205 0.044099
0 0.095722 0.487935 0.191444 0.173551