0 0.018471 0.629508 0.036942 0.103156
0 0.398338 0.594749 0.016398 0.029153
0 0.419152 0.598113 0.027751 0.053821
0 0.427982 0.603719 0.035320 0.060548
0 0.461691 0.610096 0.028645 0.083876
0 0.506190 0.621660 0.095868 0.141279
0 0.563584 0.657540 0.145063 0.163704
0 0.364280 0.600356 0.041627 0.071761
0 0.334006 0.601477 0.013876 0.015698
0 0.308777 0.602598 0.013876 0.022425
0 0.294902 0.595870 0.011353 0.026910
0 0.286072 0.595870 0.011353 0.026910
0 0.269673 0.595870 0.023967 0.026910
0 0.225524 0.597793 0.031535 0.044850
0 0.208495 0.603399 0.025228 0.042608
0 0.184528 0.604520 0.035320 0.049336
0 0.155515 0.612369 0.042888 0.056063
0 0.104428 0.623742 0.076947 0.069839
0 0.450177 0.611094 0.028083 0.085873
0 0.393448 0.593121 0.013480 0.021967