0 0.522357 0.266106 0.031453 0.040939
0 0.646111 0.273595 0.057290 0.071893
0 0.845222 0.329678 0.289259 0.310540
0 0.930970 0.583410 0.135514 0.342004
0 0.546503 0.262611 0.017412 0.022966
0 0.568408 0.259116 0.007302 0.023964
0 0.574024 0.260115 0.006178 0.021967
0 0.581607 0.263110 0.008987 0.027959
0 0.591998 0.265606 0.011795 0.032951
0 0.601546 0.267104 0.010672 0.033950
0 0.614464 0.268103 0.018535 0.041938
0 0.489213 0.247134 0.005617 0.009985
0 0.497918 0.246135 0.005055 0.009985
0 0.169352 0.341471 0.148897 0.142941
0 0.447790 0.260735 0.014890 0.018529