0 0.388375 0.466126 0.008581 0.033559
0 0.380653 0.463075 0.015445 0.036610
0 0.373788 0.465363 0.013729 0.041186
0 0.359630 0.463838 0.026600 0.050339
0 0.346331 0.466889 0.018877 0.044237
0 0.329170 0.467651 0.032606 0.054915
0 0.293561 0.472228 0.052341 0.070169
0 0.482761 0.458499 0.005148 0.012203
0 0.495202 0.452397 0.016303 0.033559
0 0.497777 0.454685 0.012871 0.028983
0 0.505499 0.458499 0.016303 0.030508
0 0.514938 0.460024 0.023167 0.033559
0 0.526950 0.461550 0.012871 0.048814
0 0.558269 0.452397 0.060064 0.079322
0 0.435997 0.457736 0.090095 0.141864
0 0.011852 0.488789 0.023704 0.091525
0 0.731350 0.531174 0.187055 0.205932
0 0.864777 0.445751 0.071218 0.096102
0 0.887087 0.567131 0.222235 0.439104