0 0.582110 0.420185 0.010531 0.012481
0 0.592056 0.423305 0.009361 0.018721
0 0.584450 0.431626 0.012871 0.018721
2 0.569239 0.419145 0.019891 0.039522
0 0.556953 0.417065 0.009361 0.010401
0 0.549348 0.419145 0.010531 0.010401
0 0.542328 0.425386 0.010531 0.014561
0 0.562219 0.432666 0.015211 0.024961
0 0.550518 0.432666 0.012871 0.016641
0 0.556953 0.450347 0.016381 0.031202
2 0.517756 0.415683 0.019891 0.029805
0 0.495525 0.427466 0.010531 0.014561
0 0.486749 0.430586 0.011701 0.016641
0 0.474463 0.434746 0.019891 0.033282
0 0.461008 0.434746 0.016381 0.024961
0 0.436436 0.434746 0.018721 0.016641
0 0.401919 0.452427 0.043293 0.060324
0 0.455157 0.470108 0.044463 0.054083
0 0.504885 0.455547 0.026912 0.037442
0 0.537062 0.470108 0.039782 0.066564
0 0.742410 0.450971 0.038612 0.033282
0 0.675130 0.421745 0.021061 0.020801
0 0.957702 0.538544 0.083075 0.168490
0 0.186041 0.452219 0.030422 0.033282
0 0.021427 0.477240 0.042854 0.074884