0 0.457155 0.482447 0.013389 0.008501
0 0.343345 0.480746 0.011477 0.015302
0 0.332824 0.475646 0.011477 0.018703
0 0.322304 0.474796 0.009564 0.020403
0 0.312262 0.476496 0.008608 0.013602
0 0.300307 0.474796 0.013389 0.020403
0 0.284527 0.471395 0.016259 0.023804
0 0.268268 0.473095 0.021997 0.027204
0 0.245315 0.471395 0.025823 0.027204
0 0.214232 0.470545 0.034430 0.032305
0 0.175020 0.465444 0.043994 0.045907
0 0.106160 0.462894 0.061209 0.047607
0 0.034908 0.465444 0.052602 0.151322
1 0.871831 0.588287 0.254241 0.428464
0 0.446157 0.483722 0.010520 0.011902
0 0.428942 0.485422 0.010520 0.015302