0 0.227910 0.381748 0.016593 0.020823
0 0.216197 0.383483 0.016593 0.020823
0 0.196676 0.386953 0.030258 0.034704
0 0.122007 0.347911 0.083941 0.022558
0 0.147385 0.420790 0.138600 0.137082
0 0.403601 0.386953 0.008785 0.024293
0 0.413361 0.393894 0.014641 0.031234
0 0.491934 0.387821 0.011713 0.026028
0 0.502671 0.398232 0.019521 0.039910
0 0.519264 0.400835 0.011713 0.045116
0 0.545129 0.396497 0.047827 0.064203
0 0.549034 0.415585 0.024401 0.060733
0 0.569531 0.413849 0.036114 0.071144
0 0.579292 0.437275 0.014641 0.058997
0 0.262560 0.414717 0.083941 0.097172
0 0.386520 0.410379 0.042947 0.067673
2 0.447035 0.371337 0.054659 0.124936
1 0.709107 0.330559 0.250847 0.400835
0 0.865765 0.504948 0.267440 0.270694
0 0.109897 0.583901 0.219432 0.546594