0 0.503135 0.516797 0.014502 0.021094
0 0.477427 0.515625 0.010547 0.018750
0 0.468199 0.517968 0.007910 0.018750
0 0.382505 0.516797 0.015820 0.025781
0 0.366685 0.521484 0.013184 0.030469
0 0.354820 0.517968 0.010547 0.023437
0 0.345591 0.516797 0.010547 0.030469
0 0.332408 0.521484 0.015820 0.035156
0 0.319883 0.519140 0.011865 0.030469
0 0.296153 0.522656 0.046143 0.046875
0 0.242100 0.517968 0.056689 0.060937
0 0.172886 0.521484 0.055371 0.072656
0 0.105650 0.530859 0.084375 0.067969
2 0.033140 0.519140 0.063281 0.114844
0 0.515000 0.525000 0.009229 0.018750
0 0.522910 0.527343 0.014502 0.028125
0 0.531480 0.528515 0.010547 0.039844
0 0.539390 0.533203 0.015820 0.044531
0 0.547959 0.537890 0.017139 0.039844
0 0.557188 0.533203 0.022412 0.044531
0 0.581577 0.533203 0.039551 0.053906
0 0.593443 0.544922 0.042187 0.058594
0 0.644859 0.563671 0.081738 0.100781
0 0.635630 0.821484 0.010547 0.002344