0 0.292857 0.534843 0.029004 0.042187
0 0.270445 0.548906 0.029004 0.117187
0 0.365367 0.540703 0.018457 0.030469
0 0.567075 0.550078 0.042187 0.058594
0 0.587510 0.555937 0.046143 0.079687
0 0.611240 0.560625 0.043506 0.075000
0 0.665293 0.554765 0.098877 0.096094
0 0.758237 0.566484 0.123926 0.114844
0 0.214415 0.506718 0.085693 0.056250
0 0.216392 0.593437 0.129199 0.154687
0 0.515659 0.552421 0.071191 0.072656
0 0.438535 0.550078 0.054053 0.049219
0 0.383824 0.540703 0.036914 0.039844
0 0.879526 0.588750 0.197754 0.126562