0 0.500407 0.526663 0.017606 0.024496
0 0.529878 0.529385 0.032151 0.046270
0 0.411609 0.545035 0.107935 0.145615
0 0.553328 0.529612 0.008420 0.023135
0 0.562132 0.528932 0.018372 0.029940
0 0.575528 0.531653 0.022199 0.051714
0 0.579738 0.534375 0.021434 0.043548
0 0.591220 0.540499 0.033682 0.055796
0 0.643274 0.546396 0.085736 0.110232
0 0.860549 0.642339 0.247256 0.234980
0 0.948581 0.705393 0.100280 0.280343
0 0.359274 0.525302 0.010717 0.032661
0 0.329037 0.530746 0.054350 0.059879
0 0.305307 0.515096 0.022199 0.023135
0 0.275835 0.529385 0.053585 0.051714
0 0.189844 0.537097 0.052054 0.078931
0 0.105639 0.528478 0.122480 0.130645
0 0.038658 0.543448 0.077315 0.195968
0 0.480887 0.528024 0.010717 0.016331