0 0.443868 0.304443 0.009597 0.014929
0 0.435471 0.306576 0.009597 0.010663
0 0.424074 0.310841 0.013196 0.019194
0 0.329782 0.344431 0.034790 0.044787
0 0.285395 0.346564 0.061182 0.057583
0 0.203220 0.373222 0.055184 0.072512
0 0.143837 0.382820 0.092373 0.095972
0 0.455745 0.296445 0.010797 0.017062
0 0.473139 0.301777 0.009597 0.014929
0 0.485136 0.301777 0.011996 0.014929
0 0.503131 0.299644 0.007198 0.019194
0 0.517526 0.309242 0.009597 0.021327
0 0.524124 0.313507 0.008398 0.021327
0 0.537320 0.315640 0.017995 0.029858
0 0.581107 0.326303 0.026392 0.046919
0 0.606900 0.324170 0.037189 0.063981
0 0.620096 0.339099 0.025193 0.055450
1 0.742729 0.293094 0.236330 0.272986
0 0.493803 0.312288 0.014396 0.029858
0 0.459613 0.328283 0.037189 0.053317
0 0.051450 0.396530 0.102538 0.138626