0 0.181186 0.427392 0.020690 0.034284
0 0.197437 0.422250 0.011812 0.027000
0 0.210094 0.415500 0.011812 0.022500
0 0.251016 0.410250 0.019406 0.018000
0 0.228234 0.429750 0.032906 0.048000
0 0.394453 0.442500 0.046406 0.064500
0 0.439172 0.427500 0.021094 0.025500
0 0.460266 0.440250 0.046406 0.036000
0 0.478828 0.425250 0.012656 0.021000
0 0.491484 0.431250 0.010969 0.021000
0 0.504984 0.432750 0.014344 0.024000
0 0.558141 0.416250 0.019406 0.015000
0 0.568687 0.419250 0.018562 0.024000
0 0.577547 0.432750 0.027844 0.036000
0 0.539578 0.439500 0.044719 0.034500
0 0.607922 0.419250 0.032906 0.015000
0 0.603703 0.445500 0.043031 0.046500
0 0.639984 0.439500 0.031219 0.034500
2 0.681750 0.432750 0.048094 0.048000
0 0.315984 0.512143 0.166219 0.231000