0 0.055422 0.514876 0.033799 0.026370
0 0.107966 0.506939 0.019630 0.027551
0 0.301167 0.504184 0.021696 0.033061
0 0.228501 0.500816 0.035472 0.044082
0 0.187519 0.501428 0.023763 0.034898
0 0.405000 0.500510 0.010332 0.022041
0 0.157557 0.495000 0.027895 0.036735
0 0.271377 0.496224 0.027551 0.038571
0 0.413265 0.500510 0.010332 0.018367
0 0.421014 0.502347 0.011365 0.018367
0 0.435995 0.501428 0.018597 0.023878
0 0.567207 0.516122 0.078520 0.090000
0 0.472500 0.502653 0.016531 0.033061
0 0.483865 0.503571 0.018597 0.038571
0 0.494196 0.501735 0.018597 0.042245
0 0.513310 0.497143 0.036161 0.055102
0 0.523125 0.510000 0.039260 0.066122
0 0.356786 0.524082 0.103316 0.121224
0 0.864241 0.561122 0.270689 0.604286
0 0.014759 0.515466 0.028929 0.031224