0 0.436714 0.556290 0.013647 0.031194
0 0.417705 0.553691 0.026320 0.043325
0 0.401133 0.580552 0.051665 0.065854
0 0.352393 0.600482 0.086758 0.084917
0 0.558077 0.579686 0.051665 0.067587
0 0.494715 0.544159 0.010723 0.017330
0 0.482530 0.540693 0.009748 0.013864
0 0.818252 0.709853 0.357556 0.358483
0 0.975022 0.631613 0.047218 0.073973
0 0.522010 0.574487 0.028269 0.046791
0 0.446462 0.545026 0.007798 0.029461
2 0.458160 0.539827 0.015597 0.032927
0 0.524447 0.543293 0.019496 0.019063
0 0.506413 0.550225 0.010723 0.022529