0 0.444002 0.439839 0.008574 0.017419
0 0.463599 0.437661 0.008574 0.021774
0 0.429917 0.446371 0.009798 0.013065
0 0.442777 0.455081 0.011023 0.021774
0 0.420119 0.461613 0.014698 0.017419
0 0.443390 0.470323 0.012248 0.013065
0 0.464211 0.476855 0.022046 0.030484
0 0.410933 0.492097 0.028170 0.034839
0 0.328871 0.498629 0.045318 0.056613
0 0.276817 0.505161 0.061240 0.069677
0 0.372964 0.504073 0.064914 0.067500
2 0.037369 0.508427 0.074713 0.185081
0 0.510754 0.498629 0.053891 0.074032
2 0.835962 0.472500 0.327070 0.439839