0 0.527363 0.421095 0.009560 0.019424
0 0.531460 0.424737 0.012292 0.021853
0 0.552630 0.422309 0.013658 0.026709
0 0.571068 0.440519 0.025950 0.048561
0 0.520534 0.436877 0.015024 0.046133
0 0.586092 0.439305 0.045071 0.075270
0 0.495950 0.436877 0.055997 0.104407
0 0.217330 0.435663 0.077850 0.082554
0 0.325227 0.435663 0.028681 0.043705
0 0.292448 0.438091 0.036876 0.048561
0 0.958951 0.472084 0.077850 0.179676
0 0.763644 0.496365 0.334617 0.432195
0 0.405126 0.500007 0.188478 0.250090
0 0.046607 0.430807 0.091507 0.131115