0 0.440332 0.530859 0.010547 0.018750
0 0.365185 0.546093 0.023730 0.044531
0 0.350024 0.546093 0.011865 0.030469
0 0.344092 0.549609 0.010547 0.037500
0 0.335522 0.550781 0.017139 0.035156
0 0.320361 0.554296 0.034277 0.046875
0 0.408032 0.550781 0.067236 0.114844
0 0.493725 0.544922 0.017139 0.037500
0 0.531298 0.564843 0.081738 0.114844
0 0.581396 0.551953 0.042187 0.075000
0 0.264331 0.570703 0.056689 0.065625
0 0.210278 0.589453 0.064600 0.096094
2 0.094263 0.500390 0.188525 0.344531
0 0.067895 0.716015 0.133154 0.342187