0 0.318680 0.504517 0.031965 0.034651
0 0.340900 0.492736 0.014034 0.022177
0 0.267613 0.523922 0.037423 0.037423
0 0.057790 0.603235 0.113636 0.132006
0 0.164310 0.566196 0.097456 0.099795
0 0.230970 0.537782 0.042101 0.065144
0 0.400933 0.473331 0.017152 0.019405
0 0.453949 0.477490 0.010915 0.033265
0 0.468762 0.476104 0.018711 0.041581
0 0.490982 0.477490 0.030406 0.049897
0 0.527625 0.479569 0.041321 0.090092
0 0.370151 0.494122 0.043660 0.062372
0 0.427455 0.485113 0.044440 0.066530
0 0.578706 0.489271 0.100574 0.113655