0 0.403672 0.499117 0.032910 0.026003
0 0.313473 0.493699 0.020721 0.028170
0 0.292752 0.496950 0.030472 0.034671
0 0.245215 0.505618 0.032910 0.039005
0 0.164767 0.512118 0.054850 0.069342
0 0.113573 0.517536 0.049975 0.062841
0 0.051410 0.521870 0.088980 0.071509
0 0.472539 0.492616 0.014627 0.013002
0 0.484119 0.496950 0.015846 0.030337
0 0.492042 0.500200 0.014627 0.028170
0 0.503621 0.500200 0.020721 0.028170
0 0.518248 0.498033 0.025597 0.041172
0 0.529828 0.507785 0.026816 0.043339
0 0.554815 0.511035 0.042661 0.058507
0 0.876590 0.575848 0.244545 0.284977