0 0.502476 0.516093 0.013184 0.028125
0 0.487974 0.517265 0.021094 0.035156
0 0.541367 0.506718 0.011865 0.028125
0 0.547300 0.506718 0.018457 0.037500
0 0.550596 0.519609 0.017139 0.035156
0 0.559824 0.520781 0.025049 0.056250
0 0.578941 0.524297 0.034277 0.063281
0 0.620469 0.531328 0.075146 0.114844
0 0.642222 0.557109 0.084375 0.124219
0 0.460288 0.544218 0.018457 0.046875
0 0.446446 0.545390 0.017139 0.063281
0 0.422056 0.541875 0.047461 0.079687
0 0.400303 0.561796 0.067236 0.082031
0 0.320542 0.585234 0.123926 0.128906
0 0.483360 0.531328 0.025049 0.030469
0 0.528184 0.513750 0.017139 0.023437
0 0.795151 0.575859 0.276855 0.358594
0 0.141905 0.659062 0.280810 0.262500
0 0.967856 0.525468 0.063281 0.196875
0 0.975767 0.735234 0.047461 0.133594