0 0.017059 0.361329 0.034118 0.157702
0 0.109178 0.370860 0.155969 0.166367
0 0.232492 0.356996 0.090657 0.131707
0 0.299266 0.359596 0.040942 0.088383
0 0.342158 0.351797 0.038992 0.086650
0 0.397234 0.353530 0.067262 0.076252
0 0.437689 0.357863 0.013647 0.025995
0 0.456697 0.363928 0.014622 0.013864
0 0.910471 0.441046 0.177415 0.195828
0 0.765224 0.404654 0.130624 0.123042
0 0.686752 0.387324 0.065312 0.074519
0 0.653121 0.376926 0.038992 0.064121
0 0.637037 0.367394 0.041917 0.058922
0 0.607305 0.363062 0.015597 0.043325
0 0.601456 0.361329 0.025345 0.050257
0 0.580011 0.364795 0.017547 0.029461
0 0.565876 0.366528 0.010723 0.015597
0 0.526884 0.360462 0.014622 0.027728
0 0.544430 0.361329 0.016572 0.022529