0 0.260907 0.474489 0.015055 0.021788
0 0.306455 0.468082 0.010706 0.020393
0 0.326338 0.455846 0.019883 0.023112
0 0.349106 0.476098 0.015388 0.026112
0 0.292181 0.469907 0.017589 0.028550
0 0.242856 0.478744 0.021412 0.024471
0 0.321623 0.470587 0.015295 0.021752
0 0.372095 0.484182 0.038236 0.051662
0 0.375524 0.491744 0.040531 0.051662
0 0.105957 0.506774 0.022942 0.053021
0 0.159307 0.493168 0.035942 0.059819
2 0.676680 0.471293 0.083355 0.059819
0 0.770742 0.461220 0.069590 0.058459
0 0.823508 0.493168 0.195006 0.135952
0 0.345240 0.470527 0.016841 0.025857
0 0.279407 0.471207 0.012248 0.013609
0 0.950291 0.452087 0.082674 0.065323