0 0.343737 0.734426 0.008830 0.022425
0 0.358243 0.733305 0.012614 0.015698
0 0.402393 0.733305 0.010091 0.011213
0 0.388517 0.732184 0.010091 0.017940
0 0.485646 0.753488 0.017660 0.047093
0 0.502045 0.760215 0.027751 0.056063
0 0.510244 0.770307 0.036581 0.058306
0 0.550610 0.770307 0.061810 0.085216
0 0.606743 0.779277 0.095868 0.103156
0 0.321031 0.774792 0.034058 0.044850
0 0.186655 0.799460 0.052908 0.071761
0 0.246027 0.789368 0.062971 0.082973
0 0.367073 0.763579 0.025228 0.040365
0 0.411853 0.764700 0.026490 0.042608
0 0.457895 0.765822 0.058025 0.094186
0 0.739657 0.733586 0.084534 0.112076
0 0.682346 0.748869 0.032954 0.071321
0 0.952425 0.691557 0.091698 0.114623