0 0.339222 0.456888 0.018080 0.036735
0 0.354289 0.463010 0.014636 0.030612
0 0.318128 0.466072 0.026690 0.052041
0 0.237197 0.477551 0.023246 0.053571
0 0.195010 0.475255 0.068017 0.073469
0 0.135172 0.492092 0.060268 0.073469
0 0.425750 0.449235 0.038744 0.058163
0 0.507111 0.446939 0.012054 0.035204
0 0.528205 0.450766 0.037022 0.055102
0 0.529066 0.459949 0.018080 0.052041
0 0.918224 0.440817 0.160140 0.163776
0 0.057685 0.490561 0.115370 0.116327
0 0.277663 0.480612 0.083514 0.084184
0 0.390019 0.479082 0.065434 0.071939
0 0.482574 0.463776 0.047353 0.071939
0 0.548438 0.463776 0.056824 0.065816
0 0.387867 0.435459 0.028412 0.012245
0 0.763250 0.535715 0.239350 0.249490
0 0.916190 0.644541 0.163584 0.430102