0 0.544883 0.447336 0.011188 0.012431
0 0.547680 0.461010 0.013985 0.009945
0 0.557469 0.474684 0.013985 0.017403
0 0.566559 0.483386 0.020977 0.019890
0 0.573552 0.494574 0.029368 0.022376
0 0.586837 0.513220 0.022376 0.054696
0 0.595228 0.530623 0.022376 0.049724
0 0.623198 0.528137 0.053142 0.064641
0 0.677039 0.560458 0.088104 0.134254
0 0.735076 0.579104 0.100691 0.181492
0 0.865208 0.604144 0.265711 0.362983
0 0.048253 0.447112 0.041917 0.027728
0 0.193499 0.452311 0.038018 0.031194
0 0.235903 0.442779 0.025345 0.025995