0 0.508201 0.484402 0.007491 0.008323
0 0.539100 0.485234 0.009363 0.009988
0 0.527864 0.490228 0.011236 0.016646
0 0.548932 0.492725 0.012172 0.014982
0 0.570936 0.487731 0.016854 0.024969
0 0.611199 0.486899 0.026218 0.036621
0 0.374772 0.485234 0.017791 0.016646
0 0.329359 0.479408 0.035581 0.034957
0 0.296119 0.481905 0.029027 0.029963
0 0.012524 0.490228 0.025047 0.056597
0 0.176735 0.538502 0.305248 0.282984
0 0.708578 0.486067 0.024345 0.024969
0 0.717942 0.494390 0.013109 0.021640
0 0.669720 0.493557 0.006554 0.029963
0 0.676743 0.493557 0.014982 0.033292
0 0.689852 0.496887 0.029963 0.039951
0 0.838309 0.536837 0.132025 0.101541