0 0.446462 0.564089 0.007798 0.019063
0 0.458647 0.560623 0.014622 0.025995
0 0.503001 0.557157 0.011698 0.029461
0 0.516648 0.560623 0.021446 0.043325
0 0.427453 0.558023 0.020471 0.055456
0 0.418193 0.540693 0.013647 0.031194
0 0.376276 0.585751 0.097481 0.159435
0 0.880739 0.563222 0.014622 0.020796
0 0.895361 0.572754 0.016572 0.015597
0 0.917782 0.573620 0.030219 0.027728
0 0.744266 0.558890 0.028269 0.057189
0 0.934841 0.641207 0.128675 0.145571
0 0.792031 0.633408 0.190088 0.161168
0 0.567826 0.572754 0.116002 0.185430
2 0.662382 0.532028 0.139398 0.225289
1 0.137448 0.495636 0.263198 0.291143
0 0.480926 0.559494 0.034145 0.063130