0 0.436640 0.390000 0.012656 0.016875
0 0.453515 0.392812 0.016875 0.022500
0 0.495176 0.414375 0.022148 0.035625
0 0.514434 0.424072 0.044803 0.049980
0 0.542637 0.421875 0.032695 0.080625
0 0.329590 0.434062 0.017930 0.041250
0 0.313769 0.435000 0.026367 0.043125
0 0.297422 0.438750 0.027422 0.054375
0 0.264726 0.440625 0.048516 0.073125
0 0.232559 0.450937 0.070664 0.086250
0 0.176154 0.470332 0.072773 0.108750
0 0.095998 0.493769 0.140273 0.136875
0 0.378126 0.419707 0.046406 0.052500
0 0.471466 0.400957 0.022148 0.037500
0 0.432443 0.421582 0.032695 0.045000
0 0.599590 0.423750 0.114961 0.150000
0 0.783105 0.475312 0.262617 0.253125