0 0.453955 0.728125 0.010547 0.018750
0 0.469775 0.722265 0.015820 0.011719
0 0.442090 0.735156 0.013184 0.023437
0 0.465820 0.737500 0.018457 0.028125
0 0.494165 0.735156 0.014502 0.032812
0 0.508667 0.739843 0.022412 0.042187
0 0.382763 0.721093 0.031641 0.023437
0 0.359033 0.714062 0.018457 0.009375
0 0.343872 0.737500 0.046143 0.042187
0 0.571948 0.752734 0.025049 0.049219
0 0.311314 0.780703 0.081738 0.110156
0 0.215733 0.806484 0.159521 0.166406
0 0.478745 0.746718 0.029004 0.046875
0 0.526865 0.752578 0.038232 0.053906
0 0.400962 0.778359 0.097559 0.133594
0 0.633653 0.786562 0.133154 0.150000
0 0.091057 0.800624 0.182115 0.300000