0 0.603164 0.544926 0.010926 0.029137
0 0.614090 0.547354 0.016389 0.033993
0 0.629797 0.553424 0.023218 0.050989
0 0.650967 0.554638 0.038242 0.072842
0 0.709012 0.591059 0.116092 0.121403
0 0.846274 0.657831 0.191210 0.254946
0 0.934367 0.702229 0.129749 0.352069
0 0.585409 0.536428 0.013658 0.026709
0 0.573800 0.541284 0.012292 0.031565
0 0.564239 0.541284 0.015024 0.031565
0 0.552630 0.544926 0.013658 0.033993
0 0.540338 0.548568 0.019121 0.046133
0 0.528729 0.549782 0.017755 0.058273
0 0.508242 0.547354 0.053266 0.092266
0 0.452928 0.563136 0.043705 0.114119
0 0.402394 0.572849 0.095605 0.182104