0 0.439127 0.423521 0.030134 0.032143
0 0.408562 0.425051 0.025829 0.044388
0 0.263920 0.431174 0.061990 0.084184
0 0.184882 0.428112 0.098151 0.120918
0 0.113646 0.444562 0.056376 0.118278
0 0.350032 0.457903 0.130867 0.165009
0 0.468415 0.422082 0.033578 0.044388
0 0.511894 0.436623 0.053380 0.076531
0 0.603109 0.394133 0.033578 0.032143
0 0.644436 0.401021 0.018080 0.027551
0 0.672848 0.404082 0.028412 0.033673
0 0.698246 0.405612 0.029273 0.030612
0 0.728380 0.407143 0.032717 0.033673
0 0.834523 0.407908 0.077975 0.059694
0 0.957398 0.403317 0.082653 0.078061
0 0.043589 0.479230 0.083738 0.110121