0 0.897311 0.576220 0.197886 0.542426
0 0.561977 0.476573 0.114053 0.149037
0 0.479118 0.467041 0.051665 0.067587
0 0.450361 0.466175 0.019496 0.051990
0 0.439151 0.459243 0.022421 0.041592
0 0.426478 0.453177 0.024370 0.043325
0 0.411369 0.448845 0.013647 0.027728
0 0.401133 0.445379 0.010723 0.024262
0 0.364091 0.447978 0.024370 0.039859
0 0.187163 0.428049 0.058488 0.062388
0 0.139398 0.450578 0.040942 0.048524
0 0.034606 0.445379 0.067262 0.072786
0 0.091632 0.438447 0.031194 0.041592
0 0.249063 0.440180 0.034118 0.041592