0 0.104548 0.528562 0.208609 0.331001
0 0.376520 0.389923 0.009748 0.019063
0 0.354586 0.395989 0.010723 0.020796
0 0.396990 0.413319 0.011698 0.034660
0 0.601700 0.413319 0.087733 0.065854
0 0.554909 0.403787 0.074085 0.071053
0 0.836629 0.430648 0.135498 0.045058
0 0.950681 0.427182 0.098456 0.048524
0 0.936547 0.419384 0.111128 0.064121
0 0.990161 0.379525 0.017547 0.022529
0 0.982363 0.382991 0.023395 0.032927
0 0.414537 0.416785 0.035093 0.048524
0 0.369696 0.412452 0.029244 0.043325
0 0.881957 0.390790 0.058488 0.055456