0 0.433124 0.566778 0.012292 0.019424
0 0.417418 0.564350 0.016389 0.014568
0 0.407857 0.570421 0.019121 0.026709
0 0.386687 0.571635 0.012292 0.014568
0 0.394199 0.588631 0.021853 0.019424
0 0.373712 0.606841 0.032779 0.041277
0 0.459757 0.583775 0.021853 0.014568
0 0.473415 0.604413 0.024584 0.046133
0 0.499365 0.580133 0.027316 0.016996
0 0.488438 0.610484 0.024584 0.048561
0 0.504145 0.611698 0.031413 0.065558
0 0.532143 0.612912 0.051900 0.072842
0 0.536924 0.623838 0.039608 0.075270
0 0.575848 0.637192 0.073752 0.121403
0 0.649601 0.659045 0.139310 0.174820
0 0.837396 0.690609 0.320959 0.286511
0 0.356640 0.606841 0.020487 0.065558
0 0.327276 0.611698 0.062826 0.089838
0 0.284937 0.651761 0.046437 0.111691
0 0.200258 0.671185 0.161162 0.208813
0 0.094410 0.733101 0.187112 0.371493
0 0.428344 0.628694 0.076484 0.094694