0 0.491303 0.419384 0.007798 0.013864
0 0.498614 0.419384 0.010723 0.024262
0 0.504950 0.429782 0.015597 0.034660
0 0.581960 0.447112 0.038992 0.069320
0 0.610230 0.446245 0.023395 0.050257
0 0.626801 0.455777 0.013647 0.038126
0 0.640449 0.460976 0.021446 0.041592
0 0.653121 0.454044 0.023395 0.055456
0 0.782283 0.459243 0.114053 0.100514
0 0.425016 0.409853 0.005849 0.019063
0 0.431840 0.404654 0.009748 0.015597
0 0.419167 0.410719 0.011698 0.027728
0 0.404058 0.402054 0.022421 0.024262
0 0.404058 0.430648 0.016572 0.036393
0 0.022908 0.474840 0.045816 0.152503
0 0.207634 0.444512 0.087733 0.105712
0 0.353855 0.472240 0.116977 0.143838
0 0.536632 0.454044 0.071161 0.100514
0 0.449386 0.441913 0.058488 0.086650
0 0.889512 0.487837 0.166692 0.119576
0 0.679441 0.454910 0.064337 0.077985