0 0.493261 0.437359 0.024378 0.062841
0 0.446943 0.430858 0.012189 0.028170
0 0.437801 0.433025 0.020721 0.028170
0 0.465226 0.438443 0.034129 0.069342
0 0.415251 0.441693 0.031691 0.032504
0 0.392092 0.444943 0.019502 0.030337
0 0.382341 0.448194 0.026816 0.036838
0 0.346383 0.452528 0.047537 0.049839
0 0.268983 0.461195 0.075572 0.080177
0 0.212304 0.470947 0.074353 0.095345
0 0.119668 0.496950 0.210870 0.195024
0 0.647451 0.441693 0.023159 0.036838
0 0.668173 0.442777 0.032910 0.060674
0 0.689504 0.442777 0.043880 0.060674
0 0.730946 0.449277 0.048756 0.065008
0 0.758371 0.451444 0.047537 0.078010
0 0.818097 0.450361 0.088980 0.097512
0 0.906468 0.466613 0.107263 0.117014
0 0.963146 0.480698 0.071915 0.162520
0 0.557862 0.480698 0.141392 0.223194