0 0.880520 0.679616 0.235596 0.579640
0 0.759041 0.539381 0.211405 0.228116
0 0.427718 0.426939 0.054692 0.071053
0 0.427192 0.428809 0.078882 0.037396
0 0.512131 0.420522 0.024701 0.035780
0 0.609499 0.454363 0.071520 0.099100
0 0.580575 0.446884 0.024191 0.069183
0 0.563922 0.433484 0.009466 0.054224
0 0.556034 0.432549 0.016828 0.052355
0 0.531317 0.423200 0.011569 0.041136
0 0.544990 0.425693 0.015776 0.043629
0 0.360116 0.405155 0.054510 0.039175
0 0.495812 0.407217 0.008119 0.018557
0 0.485374 0.409278 0.012758 0.022680