0 0.552229 0.486971 0.024370 0.072786
0 0.569288 0.482638 0.013647 0.029461
0 0.581473 0.502568 0.032169 0.069320
0 0.601944 0.512966 0.061413 0.090116
0 0.670668 0.517298 0.130624 0.154236
0 0.490816 0.515565 0.119901 0.185430
0 0.423554 0.476573 0.010723 0.020796
0 0.413319 0.481772 0.009748 0.024262
0 0.407957 0.481772 0.008773 0.027728
0 0.397722 0.481772 0.019496 0.027728
0 0.389436 0.486971 0.018521 0.031194
0 0.379200 0.490437 0.017547 0.041592
0 0.362141 0.489570 0.036068 0.046791
0 0.319737 0.501701 0.097481 0.060655
0 0.165230 0.518165 0.100405 0.121309
0 0.064825 0.525963 0.127700 0.161168