0 0.099536 0.611015 0.067236 0.053906
0 0.138428 0.619218 0.018457 0.032812
0 0.174023 0.612187 0.052734 0.060937
0 0.239941 0.607500 0.100195 0.056250
0 0.368086 0.599296 0.084375 0.063281
0 0.526816 0.592265 0.018457 0.030469
0 0.527475 0.572343 0.014502 0.014062
0 0.540000 0.573515 0.018457 0.021094
0 0.562412 0.568828 0.018457 0.021094
0 0.580869 0.562968 0.010547 0.023437
0 0.609213 0.593437 0.075146 0.065625
0 0.652719 0.552421 0.019775 0.039844
0 0.743818 0.560625 0.047461 0.018750
0 0.797871 0.581718 0.076465 0.070312
0 0.855772 0.638077 0.128884 0.168030
0 0.709277 0.727500 0.247851 0.337500
0 0.463007 0.653671 0.166113 0.180469
0 0.010547 0.602109 0.021094 0.063281
0 0.934245 0.688392 0.130517 0.253125