0 0.256862 0.414185 0.020471 0.034660
0 0.209584 0.405520 0.011698 0.020796
0 0.137448 0.445379 0.037043 0.058922
0 0.146221 0.403787 0.046791 0.058922
0 0.415756 0.423716 0.036068 0.043325
0 0.448899 0.440180 0.045816 0.103980
0 0.482042 0.447112 0.075060 0.124775
0 0.536632 0.467908 0.114053 0.162901
0 0.652146 0.512099 0.216407 0.258216
0 0.289518 0.426316 0.056539 0.097048
0 0.094069 0.445379 0.078959 0.083184
0 0.230542 0.418518 0.028269 0.039859
0 0.185213 0.441046 0.070186 0.084917
0 0.348006 0.473107 0.101380 0.145571
0 0.016572 0.516432 0.033143 0.232221
2 0.865629 0.513832 0.267097 0.611746