0 0.146992 0.729458 0.158431 0.184533
0 0.547850 0.762237 0.146139 0.191817
0 0.233720 0.705178 0.061460 0.121403
0 0.265133 0.702750 0.039608 0.082554
0 0.282205 0.699108 0.030047 0.070414
0 0.285619 0.688181 0.047802 0.077698
0 0.312935 0.684539 0.023218 0.055845
0 0.323178 0.680897 0.013658 0.048561
0 0.330007 0.682111 0.013658 0.046133
0 0.338885 0.679683 0.009560 0.031565
0 0.349811 0.679683 0.009560 0.026709
0 0.353226 0.677255 0.013658 0.021853
0 0.475463 0.720960 0.066923 0.104407
0 0.436539 0.699108 0.043705 0.070414
0 0.416735 0.694252 0.012292 0.041277
0 0.409223 0.690609 0.016389 0.043705
0 0.398297 0.679683 0.010926 0.031565
0 0.392833 0.683325 0.016389 0.029137
0 0.372976 0.677152 0.025843 0.036215