0 0.215074 0.449297 0.013184 0.030469
0 0.202549 0.450468 0.011865 0.032812
0 0.190025 0.450468 0.015820 0.028125
0 0.176841 0.452812 0.021094 0.032812
0 0.161021 0.446953 0.021094 0.035156
0 0.146519 0.452812 0.018457 0.042187
0 0.132017 0.453984 0.026367 0.044531
0 0.269126 0.449297 0.018457 0.030469
0 0.363389 0.457500 0.011865 0.023437
0 0.380528 0.457500 0.027686 0.032812
0 0.403599 0.468047 0.023730 0.063281
0 0.427329 0.473906 0.047461 0.075000
0 0.452378 0.485625 0.050098 0.093750
0 0.499839 0.492656 0.092285 0.131250
0 0.573008 0.504375 0.127881 0.192187
0 0.286924 0.456328 0.027686 0.039844
0 0.764829 0.523125 0.358594 0.407812
0 0.098399 0.448125 0.051416 0.060937
1 0.315928 0.441093 0.019775 0.046875
2 0.343614 0.446953 0.022412 0.039844
0 0.059951 0.441393 0.030219 0.029461