0 0.414404 0.456250 0.015820 0.018750
0 0.397925 0.466797 0.014502 0.021094
0 0.390674 0.487890 0.018457 0.030469
0 0.425610 0.490234 0.025049 0.035156
0 0.374194 0.496093 0.025049 0.046875
0 0.360351 0.500781 0.023730 0.065625
0 0.335303 0.503125 0.050098 0.079687
0 0.202807 0.501562 0.156885 0.112500
0 0.097559 0.468750 0.029004 0.032812
0 0.447363 0.462890 0.021094 0.025781
0 0.453296 0.483984 0.019775 0.035156
0 0.469116 0.495703 0.030322 0.049219
0 0.491528 0.507422 0.040869 0.063281
0 0.520532 0.519140 0.040869 0.091406
0 0.578540 0.519140 0.106787 0.152344