0 0.354099 0.379665 0.015353 0.027294
0 0.332841 0.391213 0.029525 0.054588
0 0.314536 0.406959 0.042516 0.090280
0 0.308631 0.409059 0.033068 0.077683
0 0.273792 0.411158 0.062592 0.102877
0 0.265525 0.438452 0.062592 0.128071
0 0.179333 0.451399 0.170889 0.214152
0 0.416003 0.385264 0.016534 0.039891
0 0.404783 0.378966 0.008267 0.027294
0 0.434898 0.394712 0.021258 0.046190
0 0.449070 0.398911 0.023620 0.046190
0 0.469738 0.403110 0.038973 0.079782
0 0.496310 0.407309 0.059049 0.096578
0 0.548568 0.419697 0.095660 0.140669
0 0.621874 0.457248 0.167700 0.161664
0 0.831415 0.547978 0.329495 0.348522
0 0.094479 0.549028 0.187777 0.354821
0 0.389332 0.391913 0.023620 0.037792