0 0.146144 0.620236 0.057311 0.071321
0 0.255752 0.590944 0.018626 0.038208
0 0.242857 0.597312 0.018626 0.035660
0 0.224947 0.604953 0.040118 0.040755
0 0.090265 0.648255 0.094564 0.086604
0 0.330973 0.583302 0.017193 0.022925
0 0.366793 0.579482 0.014328 0.020377
0 0.381121 0.583302 0.014328 0.028019
0 0.387568 0.587123 0.010029 0.040755
0 0.406911 0.588397 0.031521 0.048396
0 0.442014 0.602406 0.081669 0.086604
0 0.495027 0.615142 0.073072 0.096793
0 0.546607 0.636793 0.101728 0.119717
0 0.674125 0.657170 0.200590 0.216510
0 0.850357 0.760331 0.295154 0.387170
0 0.343678 0.580964 0.008926 0.014736