0 0.089718 0.446187 0.177851 0.293298
0 0.219973 0.461268 0.093606 0.110247
0 0.317089 0.477909 0.077225 0.097766
0 0.369157 0.488309 0.029252 0.076965
0 0.394314 0.509111 0.025742 0.043683
0 0.564559 0.544473 0.029252 0.064484
0 0.634178 0.554873 0.086585 0.068644
0 0.710818 0.554873 0.066694 0.072804
0 0.943369 0.582955 0.009361 0.012481
0 0.934009 0.580875 0.014041 0.016641
0 0.924648 0.580875 0.009361 0.012481
0 0.916457 0.582955 0.009361 0.012481
0 0.907097 0.583995 0.009361 0.014561
0 0.914117 0.588155 0.009361 0.014561
0 0.900076 0.583995 0.009361 0.014561
0 0.953315 0.587115 0.012871 0.020801
0 0.977520 0.589195 0.042561 0.037442
0 0.850348 0.614157 0.106476 0.133128