0 0.106104 0.553317 0.021524 0.065816
0 0.143556 0.547194 0.070600 0.068878
0 0.206407 0.545204 0.039605 0.067347
1 0.192201 0.524541 0.064573 0.081122
2 0.277006 0.518419 0.049936 0.071939
0 0.312306 0.533419 0.027551 0.047449
0 0.333830 0.534949 0.039605 0.056633
0 0.373865 0.534949 0.055963 0.068878
0 0.247303 0.542908 0.069739 0.075000
0 0.048532 0.575817 0.097064 0.128571
2 0.444465 0.503878 0.019802 0.055102
0 0.478043 0.522245 0.055963 0.119388
0 0.406009 0.516582 0.013776 0.019898
0 0.668974 0.536480 0.024968 0.166837