0 0.281568 0.508026 0.013988 0.028421
0 0.269578 0.510691 0.025979 0.040855
0 0.252592 0.511579 0.023980 0.049737
0 0.212125 0.510691 0.066945 0.090592
0 0.150676 0.524901 0.067944 0.079934
0 0.072740 0.536447 0.103914 0.099474
0 0.055354 0.660789 0.110709 0.333947
0 0.347014 0.509803 0.032973 0.053289
0 0.389979 0.504474 0.018984 0.039079
0 0.408464 0.508026 0.025979 0.053289
0 0.420954 0.512467 0.024979 0.062171
0 0.437440 0.513355 0.033972 0.081711
0 0.473910 0.515132 0.082932 0.120789
0 0.587317 0.540000 0.175855 0.227368
0 0.815129 0.579079 0.367697 0.497368
0 0.974320 0.726124 0.045816 0.273813
0 0.302190 0.496502 0.015597 0.015597
0 0.370427 0.485238 0.011698 0.017330