0 0.296907 0.379725 0.027835 0.035052
0 0.258054 0.381787 0.045232 0.063918
0 0.222680 0.387973 0.051031 0.068041
0 0.186147 0.400344 0.052191 0.080412
2 0.082925 0.362199 0.163531 0.263918
0 0.351418 0.371821 0.034794 0.057732
0 0.436662 0.348110 0.038273 0.014433
0 0.517268 0.365636 0.046392 0.049485
0 0.582796 0.370790 0.054510 0.051546
0 0.603093 0.378007 0.078866 0.053608
0 0.662822 0.364605 0.047552 0.043299
0 0.753866 0.367698 0.046392 0.057732
0 0.775322 0.379038 0.015077 0.051546
0 0.703995 0.383162 0.111340 0.068041
0 0.433763 0.512715 0.231959 0.321650
1 0.263273 0.356701 0.127577 0.063230