0 0.230235 0.402422 0.022412 0.025781
0 0.291538 0.395390 0.029004 0.035156
0 0.327793 0.402422 0.017139 0.044531
0 0.395689 0.391875 0.026367 0.042187
0 0.417442 0.403593 0.027686 0.046875
0 0.977097 0.363750 0.042212 0.042187
0 0.946763 0.356718 0.031641 0.065625
0 0.926987 0.368437 0.029004 0.046875
0 0.903257 0.368437 0.031641 0.046875
0 0.871616 0.378984 0.050098 0.053906
0 0.839316 0.384843 0.027686 0.042187
0 0.816245 0.386015 0.029004 0.035156
0 0.763511 0.388359 0.039551 0.058594
0 0.564439 0.395390 0.108105 0.067969
1 0.615855 0.364922 0.081738 0.082031
1 0.057026 0.369994 0.114053 0.164634
1 0.173545 0.389531 0.069873 0.079687
0 0.455674 0.391875 0.064600 0.084375
0 0.350205 0.407109 0.040869 0.058594
0 0.030504 0.438750 0.060644 0.271875
2 0.710635 0.369994 0.066287 0.095315
0 0.125263 0.415918 0.036068 0.041592