0 0.443222 0.464652 0.024378 0.039005
0 0.543934 0.481059 0.060945 0.088844
0 0.511024 0.472391 0.014627 0.058507
0 0.501882 0.462640 0.018283 0.043339
0 0.490302 0.461557 0.012189 0.036838
0 0.483598 0.463724 0.015846 0.028170
0 0.094160 0.521147 0.114577 0.099679
0 0.178264 0.499478 0.073134 0.073676
0 0.213612 0.489727 0.039005 0.058507
0 0.243475 0.484309 0.040224 0.047673
0 0.271510 0.479976 0.042661 0.043339
0 0.295888 0.472391 0.018283 0.036838
0 0.312343 0.459390 0.017065 0.028170
0 0.325141 0.460473 0.013408 0.021669
0 0.970079 0.499052 0.057567 0.074528