0 0.390234 0.532768 0.012656 0.015000
0 0.406055 0.533705 0.014766 0.016875
0 0.380215 0.544955 0.036914 0.028125
0 0.373887 0.555268 0.041133 0.030000
0 0.307441 0.531830 0.022148 0.016875
0 0.286348 0.536518 0.043242 0.015000
0 0.335918 0.541205 0.020039 0.020625
0 0.308496 0.559955 0.032695 0.039375
0 0.333281 0.563705 0.042187 0.043125
0 0.284238 0.563705 0.024258 0.054375
0 0.239414 0.573080 0.080156 0.080625
0 0.425566 0.530893 0.011602 0.015000
0 0.437695 0.533705 0.012656 0.020625
0 0.450879 0.529018 0.011602 0.018750
0 0.440332 0.545893 0.015820 0.030000
0 0.497285 0.540268 0.011602 0.026250
0 0.532617 0.534643 0.021094 0.037500
0 0.568476 0.541205 0.031641 0.039375
0 0.515742 0.549375 0.031641 0.037500
0 0.476719 0.553125 0.046406 0.082500
0 0.629121 0.561562 0.100195 0.110625
0 0.858515 0.539062 0.175078 0.163125
0 0.667743 0.533761 0.023395 0.034660