0 0.447465 0.546140 0.057363 0.084982
0 0.547850 0.544926 0.055997 0.067986
0 0.646869 0.550996 0.133847 0.162680
0 0.483658 0.540070 0.017755 0.033993
0 0.413320 0.544926 0.019121 0.033993
0 0.400345 0.543712 0.009560 0.031565
0 0.033206 0.527929 0.066411 0.048561
0 0.084166 0.531572 0.076484 0.031565
0 0.142895 0.531572 0.046437 0.026709
0 0.185234 0.531572 0.046437 0.036421
0 0.229622 0.536428 0.034145 0.012140
0 0.215282 0.523073 0.016389 0.019424
0 0.256255 0.535214 0.027316 0.014568
0 0.299960 0.529144 0.013658 0.016996
0 0.353909 0.537642 0.009560 0.019424
0 0.379859 0.541284 0.015024 0.016996
0 0.367566 0.538856 0.012292 0.021853