0 0.412975 0.702616 0.015190 0.018565
0 0.399209 0.705147 0.010443 0.013502
0 0.388766 0.707679 0.010443 0.015190
0 0.367880 0.709367 0.010443 0.021941
0 0.350791 0.705991 0.012342 0.021941
0 0.337500 0.710211 0.010443 0.016878
0 0.322785 0.714430 0.018987 0.025316
0 0.300949 0.711898 0.020886 0.027004
0 0.274367 0.722194 0.030380 0.027342
0 0.431962 0.705147 0.018987 0.027004
0 0.445253 0.703460 0.007595 0.013502
0 0.454747 0.703460 0.013291 0.016878
0 0.468038 0.705147 0.007595 0.013502
0 0.477057 0.706835 0.010443 0.010127
0 0.485601 0.705991 0.010443 0.011814
0 0.496044 0.705991 0.010443 0.018565
0 0.516455 0.705991 0.028481 0.028692
0 0.559652 0.709367 0.040823 0.045570
0 0.114399 0.720337 0.031329 0.050633
0 0.066456 0.709367 0.066456 0.065823
0 0.024209 0.723713 0.048418 0.067511