2 0.943370 0.315404 0.113078 0.185430
2 0.819082 0.325802 0.151095 0.181964
0 0.429159 0.319737 0.009748 0.017330
0 0.422823 0.322336 0.010723 0.019063
0 0.415999 0.319737 0.008773 0.020796
0 0.408688 0.322336 0.011698 0.022529
0 0.397965 0.323203 0.011698 0.027728
0 0.386268 0.329268 0.017547 0.036393
0 0.367259 0.333601 0.022421 0.048524
0 0.345326 0.338800 0.023395 0.048524
0 0.327292 0.342266 0.022421 0.055456
0 0.280014 0.334467 0.091632 0.116110
0 0.154263 0.323203 0.200810 0.270347
0 0.471320 0.324647 0.016572 0.017330
0 0.484479 0.333312 0.011698 0.020796
0 0.501051 0.325514 0.019496 0.043325
0 0.513236 0.334179 0.022421 0.043325
0 0.531758 0.336778 0.022421 0.045058
0 0.550669 0.337933 0.039967 0.051990
0 0.447339 0.334467 0.034118 0.045058
0 0.055320 0.399455 0.110153 0.202760