0 0.102777 0.422265 0.205555 0.574114
0 0.200874 0.330740 0.030422 0.049923
0 0.239487 0.334900 0.060844 0.062404
0 0.839733 0.507550 0.318259 0.395224
0 0.288629 0.572034 0.011701 0.004160
0 0.563596 0.334900 0.018721 0.045763
0 0.561841 0.324499 0.022231 0.041602
0 0.546702 0.324499 0.017407 0.033282
0 0.533318 0.327620 0.009361 0.018721
0 0.527468 0.328660 0.009361 0.012481
1 0.438893 0.325540 0.010531 0.018721
1 0.643746 0.313059 0.150939 0.168490
1 0.370534 0.321379 0.025742 0.022881
0 0.167527 0.333860 0.062014 0.085285