0 0.432815 0.434114 0.019496 0.032927
0 0.343620 0.445379 0.034118 0.048524
0 0.272459 0.465308 0.055564 0.088383
0 0.224693 0.469641 0.063363 0.100514
0 0.139885 0.484371 0.123801 0.133440
0 0.035981 0.519501 0.070361 0.174092
0 0.511287 0.434114 0.018521 0.032927
0 0.542481 0.433248 0.036068 0.045058
0 0.561977 0.453177 0.086758 0.074519
0 0.648247 0.461842 0.091632 0.123042
0 0.727207 0.508633 0.132574 0.154236
0 0.882815 0.553684 0.233232 0.344880
0 0.474244 0.460109 0.073111 0.140372
0 0.383099 0.454044 0.052640 0.062388