0 0.387597 0.472098 0.007910 0.023437
0 0.380346 0.475614 0.011865 0.025781
0 0.369140 0.477957 0.021094 0.030469
0 0.352002 0.480301 0.018457 0.039844
0 0.338818 0.483817 0.018457 0.032812
0 0.319702 0.488504 0.032959 0.056250
0 0.293994 0.499051 0.050098 0.063281
0 0.245874 0.511942 0.054053 0.079687
0 0.492407 0.471093 0.011865 0.028125
0 0.489770 0.464062 0.022412 0.042187
0 0.502295 0.471093 0.013184 0.046875
0 0.522729 0.469922 0.038232 0.058594
0 0.537890 0.480468 0.042187 0.060937
0 0.457470 0.462890 0.010547 0.021094
0 0.434399 0.464062 0.014502 0.023437
0 0.567553 0.489843 0.038232 0.075000
0 0.614355 0.493359 0.094922 0.100781
0 0.715869 0.526172 0.123926 0.157031
0 0.446446 0.464297 0.019775 0.030469
0 0.404258 0.474843 0.030322 0.046875
0 0.174205 0.524062 0.110742 0.126562
0 0.042278 0.561562 0.084556 0.215625
0 0.865024 0.536953 0.268945 0.339844