0 0.414714 0.305120 0.011208 0.017435
0 0.406308 0.306365 0.008406 0.024908
0 0.366378 0.308856 0.023818 0.034871
0 0.336255 0.312592 0.016813 0.032380
0 0.319442 0.315083 0.025219 0.057288
0 0.489671 0.301384 0.023818 0.034871
0 0.493874 0.305120 0.023818 0.027399
0 0.499478 0.311347 0.023818 0.024908
0 0.522596 0.312592 0.030823 0.052306
0 0.526099 0.316329 0.023818 0.044834
0 0.535205 0.322555 0.028021 0.062269
0 0.553419 0.327537 0.042032 0.077214
0 0.596852 0.339991 0.086866 0.102122
0 0.814717 0.311347 0.057444 0.034871
0 0.821022 0.335009 0.058845 0.042343
0 0.692124 0.305120 0.036428 0.027399
0 0.677413 0.306365 0.040631 0.029889
0 0.936469 0.339991 0.095272 0.077214
0 0.348864 0.318819 0.042032 0.039852
0 0.451842 0.332519 0.068652 0.122048
0 0.718744 0.402883 0.182138 0.176845
0 0.249669 0.359294 0.145150 0.164391
0 0.011068 0.391301 0.021016 0.141974