0 0.460109 0.481772 0.021446 0.020796
0 0.852957 0.592683 0.284644 0.249551
0 0.243702 0.512099 0.132574 0.157702
0 0.347519 0.509500 0.073111 0.058922
0 0.441101 0.481772 0.022421 0.027728
0 0.412831 0.485238 0.034118 0.034660
0 0.524934 0.472240 0.028269 0.032927
0 0.558565 0.479172 0.025345 0.032927
0 0.574162 0.494769 0.021446 0.053723
0 0.601944 0.492170 0.047766 0.072786
0 0.621927 0.500835 0.042892 0.093582
0 0.649709 0.519898 0.055564 0.093582
0 0.702349 0.534628 0.112103 0.133440
0 0.092607 0.558890 0.185213 0.202760
0 0.075548 0.475706 0.149146 0.081451
0 0.485454 0.467041 0.019496 0.022529