0 0.215142 0.601031 0.042912 0.037113
0 0.115979 0.602062 0.025515 0.018557
0 0.117139 0.623711 0.018557 0.024742
0 0.063209 0.632990 0.045232 0.043299
0 0.079446 0.624742 0.063789 0.047423
0 0.031894 0.609278 0.031314 0.016495
0 0.737629 0.595876 0.059149 0.043299
0 0.792719 0.581443 0.041753 0.030928
0 0.835632 0.579382 0.057990 0.035052
0 0.884923 0.587285 0.099742 0.055670
0 0.958570 0.589347 0.049871 0.051546
0 0.436662 0.566495 0.010438 0.018557
0 0.429124 0.569588 0.011598 0.012371
0 0.415206 0.577835 0.020876 0.024742
0 0.423325 0.558248 0.013918 0.010309
0 0.411147 0.559278 0.012758 0.012371
0 0.398389 0.569588 0.017397 0.028866
0 0.387371 0.574742 0.023196 0.022680
0 0.375193 0.570619 0.010438 0.014433
0 0.364755 0.577835 0.019716 0.016495
0 0.329671 0.582990 0.024356 0.022680
0 0.347068 0.582990 0.017397 0.010309
0 0.309955 0.594330 0.019716 0.020619
0 0.457539 0.600516 0.037113 0.061856
0 0.448260 0.620103 0.051031 0.068041
0 0.517268 0.572681 0.022036 0.022680
0 0.520748 0.575773 0.024356 0.020619
0 0.530606 0.579897 0.037113 0.012371
0 0.559021 0.577835 0.012758 0.020619
0 0.555541 0.570619 0.015077 0.026804
0 0.558441 0.554124 0.010438 0.014433
0 0.567719 0.557217 0.008119 0.016495
0 0.571199 0.560309 0.012758 0.018557
0 0.580477 0.558248 0.015077 0.010309
0 0.599614 0.574742 0.016237 0.026804
0 0.581057 0.591237 0.032474 0.059794
0 0.614111 0.623024 0.026675 0.113402
0 0.480155 0.555670 0.009278 0.014433
0 0.511469 0.551546 0.011598 0.010309
0 0.535245 0.550516 0.010438 0.016495
0 0.525387 0.552577 0.011598 0.016495
0 0.373729 0.656083 0.128737 0.140206
0 0.541899 0.677732 0.131057 0.187629
0 0.645701 0.625155 0.076546 0.131959
0 0.827788 0.717938 0.273711 0.247423
0 0.024936 0.625430 0.049871 0.032990
0 0.985825 0.574914 0.018557 0.014433
0 0.980049 0.590400 0.035954 0.051546