0 0.065312 0.540693 0.130624 0.249551
0 0.162306 0.459243 0.061413 0.069320
0 0.232492 0.469641 0.110153 0.114377
0 0.299266 0.449711 0.056539 0.084917
0 0.343620 0.437580 0.045816 0.053723
0 0.365066 0.425449 0.032169 0.050257
0 0.615591 0.448845 0.106254 0.131707
0 0.518598 0.408120 0.035093 0.046791
0 0.468395 0.391656 0.020471 0.027728
0 0.410882 0.396855 0.018521 0.027728
0 0.419655 0.363062 0.018521 0.025995
0 0.497152 0.381258 0.017547 0.031194
0 0.483505 0.340533 0.011698 0.019063
0 0.424529 0.346598 0.014622 0.017330
0 0.432327 0.334467 0.014622 0.017330