0 0.331922 0.480509 0.009361 0.029122
0 0.383990 0.452427 0.010531 0.022881
0 0.385160 0.474268 0.015211 0.024961
0 0.327242 0.481549 0.009361 0.039522
0 0.321391 0.482589 0.014041 0.041602
0 0.273419 0.477389 0.016381 0.052003
0 0.259963 0.483629 0.022231 0.064484
0 0.246507 0.482589 0.030422 0.074884
0 0.216085 0.492990 0.063184 0.087365
0 0.141786 0.503390 0.092436 0.120647
0 0.299160 0.457627 0.032762 0.037442
0 0.298575 0.490909 0.043293 0.066564
0 0.351813 0.479469 0.035102 0.060324
2 0.085622 0.539792 0.143919 0.147689
2 0.357664 0.445147 0.039782 0.095686