0 0.420569 0.439810 0.007018 0.014972
0 0.313540 0.422343 0.009124 0.014972
0 0.301258 0.416104 0.005615 0.012477
0 0.297047 0.425462 0.007018 0.011229
0 0.293187 0.432324 0.010527 0.019963
0 0.253885 0.434820 0.024564 0.037431
1 0.227918 0.417352 0.009124 0.022458
0 0.218794 0.427334 0.010527 0.012477
0 0.199494 0.427957 0.012633 0.016220
0 0.410743 0.444177 0.014037 0.021211
0 0.310382 0.436691 0.015440 0.023706
0 0.277396 0.450416 0.036495 0.051155
0 0.326524 0.419224 0.007720 0.018715
0 0.091062 0.487223 0.180369 0.281978