0 0.372094 0.479625 0.012656 0.037500
0 0.359965 0.480562 0.017930 0.043125
0 0.347836 0.474937 0.025312 0.073125
0 0.330433 0.481500 0.026367 0.075000
0 0.302484 0.483375 0.059062 0.101250
0 0.286137 0.499312 0.049570 0.106875
0 0.453832 0.475875 0.013711 0.030000
0 0.464906 0.477750 0.012656 0.026250
0 0.474398 0.474937 0.014766 0.028125
0 0.481254 0.473062 0.011602 0.039375
0 0.489691 0.474000 0.011602 0.045000
0 0.510785 0.463687 0.036914 0.076875
0 0.548754 0.472125 0.053789 0.105000
0 0.616781 0.478687 0.124453 0.144375
0 0.180085 0.510644 0.220430 0.264375
0 0.749089 0.535166 0.248906 0.223418
0 0.408425 0.474082 0.025312 0.041250
0 0.099141 0.637500 0.198281 0.438750
0 0.889629 0.572812 0.218320 0.365625