0 0.461635 0.603980 0.017755 0.029137
0 0.439782 0.608836 0.036876 0.053417
0 0.428173 0.617334 0.021853 0.055845
0 0.405638 0.618548 0.039608 0.063130
0 0.372859 0.624618 0.066923 0.075270
0 0.320276 0.631902 0.057363 0.094694
0 0.574312 0.599124 0.008195 0.024281
0 0.579775 0.603980 0.013658 0.029137
0 0.590018 0.605194 0.012292 0.031565
0 0.595482 0.606408 0.012292 0.033993
0 0.633724 0.622190 0.036876 0.070414
0 0.651820 0.635545 0.045754 0.082554
0 0.661722 0.646471 0.034145 0.109263
0 0.737865 0.654362 0.133847 0.167536
0 0.922928 0.750270 0.151602 0.393346
0 0.503633 0.642222 0.099702 0.143256
0 0.236622 0.632510 0.117457 0.152968
0 0.547476 0.599986 0.013647 0.036393
0 0.559174 0.608651 0.023395 0.032927