0 0.213933 0.443542 0.051619 0.026511
0 0.316597 0.436405 0.043589 0.020393
0 0.427292 0.422130 0.035560 0.024471
0 0.563987 0.425189 0.018353 0.026511
0 0.588076 0.405816 0.025236 0.012236
0 0.541045 0.424169 0.029824 0.036707
2 0.666652 0.392221 0.014912 0.028550
2 0.646578 0.397319 0.022942 0.034668
2 0.621342 0.400378 0.036707 0.057100
0 0.617327 0.425869 0.028677 0.038746
0 0.647151 0.415672 0.019501 0.026511
0 0.670667 0.414653 0.016059 0.028550
0 0.511794 0.425869 0.035560 0.046903
0 0.103238 0.459517 0.073414 0.020393
0 0.497456 0.451020 0.052766 0.063218
0 0.589223 0.442183 0.048178 0.063218