0 0.012036 0.595915 0.024072 0.160252
0 0.935732 0.621410 0.124286 0.162680
0 0.110799 0.583775 0.184381 0.179676
0 0.235768 0.588631 0.079215 0.111691
0 0.283571 0.567992 0.068289 0.080126
0 0.325910 0.559494 0.038242 0.072842
0 0.354592 0.552210 0.038242 0.058273
0 0.386005 0.549782 0.035510 0.063130
0 0.409223 0.544926 0.021853 0.029137
0 0.426978 0.541284 0.019121 0.036421
0 0.437904 0.537642 0.013658 0.019424
0 0.831933 0.582561 0.184381 0.201529
0 0.718573 0.569207 0.102434 0.135971
0 0.674868 0.560708 0.055997 0.114119
0 0.644821 0.554638 0.045071 0.087410
0 0.621602 0.560708 0.023218 0.060701
0 0.580629 0.554638 0.055997 0.082554
0 0.489121 0.537642 0.017755 0.033993
0 0.516437 0.538856 0.015024 0.026709
0 0.507559 0.535214 0.010926 0.024281
0 0.545801 0.540070 0.021853 0.033993
0 0.467952 0.534000 0.021853 0.021853
2 0.442685 0.515789 0.023218 0.024281