0 0.325157 0.655546 0.014502 0.025781
0 0.306700 0.668437 0.014502 0.023437
0 0.277037 0.657890 0.015820 0.011719
0 0.249351 0.659062 0.018457 0.014062
0 0.176182 0.661406 0.019775 0.018750
0 0.205186 0.661406 0.022412 0.018750
0 0.163658 0.662578 0.013184 0.016406
0 0.154429 0.667265 0.010547 0.016406
0 0.629038 0.640312 0.023730 0.028125
0 0.460948 0.652031 0.017139 0.023437
0 0.538731 0.650859 0.027686 0.035156
0 0.647495 0.648515 0.029004 0.030469
0 0.812290 0.646171 0.050098 0.049219
0 0.961924 0.648515 0.075146 0.082031