0 0.289860 0.492602 0.018941 0.035204
0 0.282542 0.496429 0.012915 0.027551
0 0.262309 0.497704 0.037883 0.047449
0 0.142347 0.518112 0.041327 0.059694
0 0.517586 0.464541 0.028412 0.022959
0 0.512421 0.470663 0.024968 0.026020
0 0.494771 0.471429 0.017219 0.021429
0 0.601961 0.465306 0.030134 0.024490
0 0.565370 0.479082 0.058546 0.030612
0 0.620903 0.455868 0.016358 0.029082
0 0.720201 0.457143 0.076626 0.061225
0 0.771859 0.441072 0.076626 0.050510
0 0.838240 0.436072 0.099872 0.117857
0 0.890243 0.438521 0.140338 0.134694
0 0.943192 0.462245 0.109343 0.128571
0 0.065577 0.536225 0.131154 0.125510
0 0.184309 0.514505 0.081792 0.082653
0 0.443891 0.452296 0.018941 0.019898
0 0.425954 0.448470 0.024107 0.012245
0 0.466850 0.456123 0.031856 0.048980
0 0.477264 0.489031 0.036161 0.047449
0 0.332929 0.480175 0.082612 0.137755
0 0.403118 0.546757 0.140338 0.200510