0 0.342216 0.464955 0.013000 0.017674
0 0.331510 0.466314 0.013000 0.020393
0 0.320803 0.470393 0.019118 0.020393
0 0.304744 0.471752 0.013000 0.017674
0 0.291744 0.476511 0.025236 0.032628
0 0.251596 0.485347 0.029060 0.042145
0 0.240125 0.488746 0.021412 0.038066
0 0.229801 0.490106 0.022177 0.048943
0 0.211065 0.493505 0.035177 0.050302
0 0.181241 0.510498 0.065767 0.070695
0 0.156387 0.487387 0.043589 0.040785
0 0.124268 0.520015 0.052766 0.070695
0 0.080679 0.527492 0.063472 0.085650
0 0.031991 0.534996 0.063472 0.131873
0 0.358912 0.464955 0.018353 0.016314
0 0.384531 0.464955 0.016059 0.021752
0 0.401355 0.460876 0.020648 0.024471
0 0.444944 0.481949 0.039001 0.055740
0 0.477445 0.477190 0.039766 0.062538
0 0.490446 0.488066 0.027530 0.046224
0 0.517211 0.492145 0.045884 0.067976
0 0.559653 0.499622 0.068061 0.085650
0 0.582086 0.514577 0.065002 0.091088
0 0.648999 0.528852 0.122356 0.133233
0 0.421667 0.456144 0.028295 0.047583
0 0.387636 0.579860 0.156005 0.221601
0 0.952851 0.603625 0.091767 0.163142