1 0.211065 0.487183 0.027530 0.034668
0 0.224257 0.512674 0.012618 0.032628
0 0.207050 0.514713 0.024089 0.040785
1 0.235154 0.487183 0.022942 0.022432
0 0.251787 0.494320 0.017206 0.020393
0 0.132489 0.521850 0.017206 0.046903
0 0.150843 0.523890 0.028677 0.063218
0 0.256949 0.505536 0.013765 0.026511
0 0.021795 0.539184 0.036707 0.081571
0 0.046183 0.512335 0.085484 0.114407
2 0.540395 0.449456 0.239742 0.261027
0 0.111841 0.526949 0.042442 0.057100
0 0.180093 0.525929 0.052766 0.071375
0 0.240889 0.517772 0.036707 0.050982
1 0.275876 0.499418 0.033266 0.055060
0 0.009177 0.556382 0.018353 0.116239
0 0.351584 0.514033 0.024089 0.039698
0 0.307421 0.509615 0.016059 0.024063
0 0.318892 0.512470 0.018353 0.026511