0 0.081527 0.135208 0.009361 0.020801
0 0.093228 0.131048 0.014041 0.024961
0 0.102588 0.137288 0.007020 0.016641
0 0.216670 0.141448 0.026912 0.054083
0 0.235976 0.136248 0.011701 0.035362
0 0.445419 0.114407 0.081905 0.054083
0 0.671242 0.111287 0.051483 0.068644
0 0.757243 0.067604 0.043293 0.022881
0 0.857284 0.054083 0.063184 0.033282
0 0.891216 0.062404 0.056163 0.033282
0 0.715120 0.120647 0.115837 0.083205
0 0.925733 0.069684 0.094776 0.056163
0 0.788249 0.122727 0.184871 0.112327
0 0.039405 0.151849 0.018721 0.020801
0 0.025364 0.156009 0.016381 0.020801
0 0.009172 0.161210 0.018343 0.035362
0 0.002151 0.170570 0.004302 0.029122
0 0.070996 0.146649 0.025742 0.039522
0 0.159922 0.157049 0.109987 0.156009
0 0.271078 0.147689 0.060844 0.079045
0 0.534929 0.123767 0.057333 0.072804
0 0.602793 0.118567 0.052653 0.070724
0 0.935678 0.109207 0.126368 0.151849