0 0.548817 0.391656 0.007798 0.013864
0 0.539556 0.395122 0.008773 0.020796
0 0.529808 0.395122 0.010723 0.017330
0 0.520060 0.392523 0.014622 0.025995
0 0.503001 0.391656 0.027295 0.031194
0 0.459622 0.402921 0.034118 0.043325
0 0.421604 0.401188 0.051665 0.067587
0 0.372377 0.404654 0.054589 0.095315
0 0.327048 0.420250 0.078959 0.095315
0 0.587322 0.396855 0.006824 0.013864
0 0.593658 0.396855 0.009748 0.017330
0 0.606818 0.397722 0.024370 0.032927
0 0.606330 0.408986 0.015597 0.027728
0 0.615104 0.409853 0.021446 0.032927
0 0.620465 0.417651 0.020471 0.038126
0 0.631188 0.423716 0.018521 0.039859
0 0.641424 0.428049 0.023395 0.051990
0 0.659945 0.438447 0.037043 0.058922
0 0.671643 0.443646 0.037043 0.062388
0 0.696500 0.460976 0.057514 0.083184
0 0.746215 0.486971 0.104304 0.128241
0 0.823225 0.537227 0.151095 0.180231
0 0.220794 0.434114 0.156944 0.126508
0 0.560515 0.397722 0.013647 0.019063
0 0.579523 0.389057 0.010723 0.022529
0 0.022908 0.492170 0.045816 0.169833
0 0.932404 0.525096 0.133549 0.551091