0 0.390686 0.577661 0.020084 0.015302
0 0.362951 0.578511 0.014346 0.017003
0 0.468632 0.574260 0.015302 0.035705
0 0.481065 0.565759 0.017215 0.052708
0 0.490151 0.564909 0.020084 0.071411
0 0.511670 0.560658 0.040168 0.086713
0 0.535101 0.563209 0.031561 0.102015
0 0.580530 0.570010 0.101378 0.149622
0 0.685096 0.590271 0.166412 0.225000
0 0.339997 0.572135 0.031561 0.042506
0 0.418422 0.572135 0.031561 0.035705
0 0.448548 0.569585 0.026779 0.044207
0 0.168325 0.586927 0.292656 0.329849
1 0.076511 0.464169 0.153023 0.374056
0 0.849085 0.603590 0.300307 0.363854