0 0.429949 0.377412 0.017446 0.019589
0 0.414339 0.386391 0.024792 0.034281
0 0.398270 0.395369 0.018365 0.026119
0 0.453823 0.381493 0.024792 0.024486
0 0.332617 0.422304 0.039484 0.066929
0 0.291756 0.437811 0.049584 0.071826
0 0.204983 0.432914 0.067031 0.071826
0 0.510202 0.375780 0.011937 0.026118
0 0.552900 0.430466 0.029383 0.047340
0 0.945443 0.489232 0.107433 0.102842
0 0.955543 0.524329 0.085395 0.088150
0 0.521772 0.392920 0.032138 0.040810
0 0.498357 0.497394 0.102842 0.174667
0 0.739759 0.533307 0.256186 0.315054
0 0.490460 0.384758 0.022037 0.031016
1 0.654548 0.429649 0.182727 0.251391