0 0.868404 0.381707 0.262051 0.566184
0 0.666605 0.168325 0.051645 0.074811
0 0.695775 0.181077 0.083206 0.110516
0 0.704383 0.177676 0.067904 0.090113
0 0.717772 0.190428 0.071729 0.112217
0 0.783763 0.191278 0.157805 0.130919
0 0.825845 0.190428 0.144415 0.139421
0 0.892155 0.190145 0.213275 0.188728
0 0.547853 0.190995 0.021997 0.030605
0 0.522987 0.189295 0.025823 0.023804
0 0.474211 0.192695 0.016259 0.017003
0 0.440737 0.192695 0.018171 0.020403
0 0.360400 0.199496 0.012433 0.020403
0 0.277991 0.195104 0.033155 0.036555
0 0.241808 0.202330 0.023910 0.040806
0 0.229375 0.202330 0.035387 0.040806
0 0.215029 0.206581 0.027735 0.042506
0 0.191119 0.205731 0.069817 0.047607
0 0.151907 0.211681 0.052602 0.062909
0 0.388614 0.199780 0.009564 0.015302
2 0.068078 0.201214 0.133895 0.253338
2 0.419552 0.187612 0.029648 0.056108
2 0.461633 0.179111 0.021997 0.042506
0 0.622307 0.250522 0.123375 0.137720
0 0.312262 0.197229 0.023910 0.032305
0 0.498222 0.188851 0.030501 0.044875
0 0.374639 0.197265 0.021035 0.031787
0 0.349923 0.195395 0.011569 0.016828