0 0.363159 0.393219 0.003119 0.012474
0 0.367447 0.393219 0.007017 0.006930
0 0.373684 0.403614 0.007017 0.011088
0 0.365888 0.402228 0.007017 0.008316
0 0.351074 0.393912 0.011695 0.024949
0 0.356142 0.436186 0.046779 0.067916
0 0.338886 0.389707 0.014034 0.031879
0 0.334208 0.418121 0.009356 0.019405
0 0.325242 0.413963 0.013254 0.033265
0 0.289378 0.418814 0.027288 0.015246
0 0.290938 0.443763 0.021050 0.040195
0 0.276904 0.446535 0.011695 0.051283
0 0.257023 0.436139 0.048338 0.085934
0 0.221679 0.448614 0.071727 0.108111
0 0.160087 0.459702 0.115388 0.144148
0 0.068999 0.475642 0.137997 0.281365
0 0.548740 0.458547 0.133319 0.167710
0 0.709997 0.486730 0.261961 0.311858
0 0.405238 0.446260 0.069388 0.098409