0 0.394521 0.544993 0.008190 0.016641
0 0.383405 0.542913 0.009361 0.012481
0 0.375800 0.547073 0.012871 0.012481
2 0.360004 0.553313 0.016381 0.024961
0 0.377555 0.559554 0.011701 0.020801
0 0.349473 0.582435 0.011701 0.024961
2 0.338357 0.562674 0.019891 0.035362
0 0.330167 0.588675 0.017551 0.033282
0 0.304425 0.590755 0.029252 0.041602
0 0.491052 0.566834 0.011701 0.018721
0 0.523814 0.560594 0.037442 0.018721
0 0.530834 0.567874 0.023401 0.020801
0 0.611569 0.555393 0.025742 0.020801
0 0.633800 0.557473 0.037442 0.012481
0 0.627950 0.573074 0.053823 0.035362
0 0.557161 0.558513 0.022231 0.031202
0 0.479936 0.580355 0.024571 0.045763
0 0.361759 0.584515 0.024571 0.029122
0 0.512698 0.586595 0.040952 0.058243
0 0.431963 0.589715 0.076055 0.114407
0 0.042330 0.613637 0.062014 0.054083
0 0.003906 0.609477 0.007813 0.049923
0 0.637310 0.544993 0.025742 0.016641
0 0.180398 0.596996 0.015211 0.029122