0 0.531047 0.519703 0.014627 0.019502
0 0.513373 0.522953 0.018283 0.021669
0 0.505450 0.507785 0.012189 0.017335
0 0.495698 0.520786 0.012189 0.017335
0 0.481681 0.520786 0.015846 0.026003
0 0.460960 0.533788 0.015846 0.026003
0 0.451818 0.533788 0.021940 0.026003
0 0.442067 0.540288 0.019502 0.030337
0 0.425002 0.540288 0.021940 0.030337
0 0.404890 0.547873 0.035348 0.041172
0 0.356744 0.556540 0.034129 0.045506
0 0.323834 0.563041 0.051194 0.054173
0 0.548721 0.514285 0.010970 0.013002
0 0.562129 0.518619 0.010970 0.013002
0 0.570661 0.521870 0.010970 0.019502
0 0.577365 0.524036 0.014627 0.023836
0 0.590773 0.529454 0.019502 0.017335
0 0.596867 0.543539 0.024378 0.028170
0 0.620636 0.546789 0.040224 0.060674
0 0.657203 0.560874 0.054850 0.093178
0 0.674877 0.578210 0.048756 0.080177
0 0.733993 0.600963 0.103606 0.143018