0 0.498065 0.643720 0.015595 0.023460
0 0.490867 0.643720 0.013196 0.019194
0 0.478870 0.641587 0.013196 0.023460
0 0.465674 0.641587 0.020394 0.027725
0 0.433284 0.643720 0.022793 0.031991
0 0.417688 0.642654 0.025193 0.029858
0 0.378100 0.639455 0.032390 0.053318
0 0.307321 0.636255 0.041988 0.034123
0 0.347509 0.643720 0.050385 0.061848
0 0.198154 0.656516 0.116365 0.117299
0 0.522057 0.640521 0.010797 0.017062
0 0.530455 0.643720 0.010797 0.014929
0 0.541252 0.646919 0.015595 0.021327
0 0.567044 0.649052 0.009597 0.017062
0 0.557447 0.644786 0.011996 0.021327
0 0.592836 0.656516 0.027592 0.036256
0 0.615630 0.659715 0.017995 0.038389
0 0.633025 0.657582 0.033590 0.046919
0 0.660616 0.674644 0.055184 0.059716
0 0.736194 0.694905 0.081576 0.100237
2 0.880751 0.709834 0.205139 0.194076