0 0.409419 0.536361 0.011698 0.015597
0 0.391873 0.538960 0.009748 0.017330
0 0.366040 0.544159 0.012673 0.013864
0 0.328510 0.556290 0.013647 0.013864
0 0.313888 0.563222 0.017547 0.020796
0 0.259299 0.571021 0.021446 0.015597
0 0.244189 0.580552 0.016572 0.013864
0 0.232492 0.580552 0.014622 0.017330
0 0.145734 0.603948 0.032169 0.022529
0 0.102842 0.616945 0.036068 0.017330
0 0.431352 0.529429 0.010723 0.015597
0 0.465958 0.513832 0.031194 0.036393
0 0.507387 0.501701 0.024370 0.032927
0 0.670668 0.454044 0.142322 0.083184
0 0.423554 0.538960 0.014622 0.017330
0 0.401133 0.544159 0.016572 0.017330
0 0.349469 0.558023 0.032169 0.027728
0 0.767661 0.440180 0.034118 0.013864
2 0.862218 0.390790 0.149146 0.109178
0 0.966035 0.372593 0.060438 0.093582
0 0.423067 0.538960 0.013647 0.017330