0 0.280156 0.428379 0.031413 0.033993
0 0.099019 0.495324 0.050534 0.111691
0 0.415881 0.401844 0.004097 0.021853
0 0.410418 0.403058 0.009560 0.024281
0 0.401540 0.404272 0.010926 0.026709
0 0.196536 0.466187 0.148870 0.203957
0 0.056697 0.525675 0.109570 0.245234
0 0.509028 0.400630 0.020487 0.029137
0 0.450982 0.409128 0.035510 0.050989
2 0.593774 0.411556 0.086044 0.135971
0 0.675721 0.424910 0.140676 0.186961
0 0.489292 0.390918 0.019121 0.043705
0 0.347933 0.417626 0.023218 0.024281
1 0.376956 0.393346 0.051900 0.072842