0 0.566444 0.454265 0.017995 0.021327
0 0.507662 0.458531 0.013196 0.012796
0 0.494466 0.462796 0.013196 0.012796
0 0.478870 0.467061 0.017995 0.017062
0 0.457877 0.473459 0.023993 0.021327
0 0.430285 0.479858 0.047986 0.038389
0 0.365504 0.503317 0.074378 0.068246
0 0.090186 0.586493 0.178747 0.217535
0 0.541852 0.459597 0.011996 0.014929
0 0.585639 0.457464 0.022793 0.019194
0 0.598835 0.468128 0.027592 0.023460
0 0.634824 0.468128 0.065980 0.074644
0 0.835764 0.547038 0.225533 0.245261
0 0.935935 0.574763 0.125963 0.343365