0 0.578548 0.332734 0.010723 0.034660
0 0.593171 0.344865 0.028269 0.045058
0 0.605843 0.371727 0.026320 0.077985
0 0.622902 0.380392 0.037043 0.091849
0 0.649222 0.402921 0.044841 0.119576
0 0.677491 0.404654 0.056539 0.119576
0 0.736955 0.437580 0.126725 0.171566
0 0.341670 0.347465 0.043866 0.050257
0 0.426478 0.371727 0.065312 0.077985
0 0.537119 0.387324 0.077985 0.119576
0 0.580985 0.372593 0.019496 0.076252
0 0.865629 0.513832 0.265148 0.379525
0 0.114540 0.378659 0.080909 0.119576
0 0.177415 0.387324 0.089682 0.102247