0 0.453207 0.385516 0.011701 0.020801
0 0.446187 0.392797 0.009361 0.014561
0 0.436826 0.384476 0.011701 0.014561
0 0.443262 0.400077 0.005850 0.016641
0 0.402309 0.383436 0.012871 0.008320
0 0.394704 0.405278 0.021061 0.031202
0 0.382418 0.400077 0.012871 0.029122
0 0.363112 0.401117 0.030422 0.047843
0 0.331715 0.406318 0.047973 0.070724
0 0.135143 0.394877 0.071374 0.097766
0 0.060844 0.408398 0.119347 0.133128
0 0.237524 0.443413 0.187211 0.201772
0 0.165565 0.433359 0.076055 0.162250
0 0.420055 0.408398 0.039782 0.058243
0 0.736754 0.483282 0.276137 0.353621