1 0.456925 0.519335 0.029824 0.061178
0 0.135739 0.524773 0.048178 0.044864
0 0.063855 0.539048 0.115474 0.084290
0 0.366687 0.525453 0.014530 0.019033
0 0.350245 0.528172 0.013765 0.021752
0 0.305509 0.529532 0.016059 0.027190
0 0.280655 0.530891 0.039766 0.029909
0 0.330363 0.532251 0.024471 0.029909
0 0.726874 0.619940 0.257713 0.275982
0 0.451954 0.545846 0.032883 0.048943
0 0.388099 0.511858 0.016824 0.013595
0 0.399953 0.517976 0.008412 0.017674
0 0.411806 0.521375 0.018353 0.019033
0 0.431307 0.518656 0.009941 0.008157
0 0.421365 0.540408 0.026765 0.040785
0 0.472220 0.533610 0.007647 0.027190
0 0.482543 0.532251 0.013000 0.029909
0 0.497456 0.534290 0.029060 0.033988
0 0.497838 0.549924 0.025236 0.046224
0 0.535028 0.552451 0.061379 0.078467
0 0.606047 0.581873 0.102474 0.175378
0 0.388482 0.541088 0.037472 0.053021