0 0.221665 0.403593 0.036914 0.042187
0 0.316587 0.390703 0.015820 0.039844
0 0.406236 0.381328 0.026367 0.039844
0 0.441172 0.366093 0.046143 0.084375
0 0.557847 0.381328 0.034277 0.058594
0 0.814927 0.333281 0.060644 0.056250
0 0.845249 0.350859 0.092285 0.072656
0 0.716709 0.390703 0.117334 0.138281
0 0.146519 0.401250 0.031641 0.042187
0 0.096421 0.425859 0.050098 0.053906
0 0.054893 0.438750 0.054053 0.056250
2 0.120152 0.395390 0.044824 0.096094
0 0.287583 0.386015 0.042187 0.053906
0 0.174864 0.408281 0.064600 0.065625
0 0.358116 0.390703 0.072510 0.110156
0 0.494566 0.450468 0.142383 0.239062
0 0.616514 0.407109 0.104150 0.119531
0 0.020525 0.442265 0.041050 0.063281
0 0.906553 0.439922 0.185889 0.250781