0 0.504663 0.398815 0.011996 0.021327
0 0.513660 0.394550 0.008398 0.017062
0 0.519658 0.399881 0.010797 0.031990
0 0.547850 0.396682 0.007198 0.017062
0 0.556247 0.400948 0.009597 0.025592
0 0.468673 0.405213 0.016795 0.025592
0 0.454278 0.415877 0.014396 0.029858
0 0.411690 0.416943 0.010797 0.031990
0 0.403293 0.415876 0.017995 0.021327
0 0.359506 0.414810 0.009597 0.019194
0 0.343910 0.412677 0.016795 0.023460
0 0.273731 0.452132 0.039588 0.059716
0 0.168762 0.454265 0.045586 0.051185
0 0.221547 0.456398 0.074378 0.072512
0 0.324716 0.445734 0.055184 0.055450
0 0.377500 0.425474 0.043187 0.040521
0 0.430885 0.421208 0.039588 0.053318
0 0.493010 0.414622 0.029479 0.052942
0 0.535853 0.410545 0.028791 0.040521
0 0.596435 0.422275 0.025193 0.051185
0 0.628226 0.431872 0.067180 0.083175
0 0.692407 0.395616 0.049185 0.031990
0 0.766785 0.492654 0.173948 0.191943
0 0.025599 0.487086 0.051197 0.160423
0 0.894489 0.567298 0.211022 0.345497
0 0.956650 0.363047 0.085693 0.067031
0 0.573667 0.408281 0.034277 0.056250