0 0.275462 0.590030 0.013178 0.021963
0 0.256931 0.593690 0.012354 0.026356
0 0.250754 0.600279 0.016472 0.036605
0 0.235105 0.601744 0.018120 0.039534
0 0.351235 0.590030 0.036239 0.051247
0 0.370178 0.601744 0.024709 0.057104
0 0.385827 0.606868 0.029650 0.073210
0 0.403535 0.612725 0.045299 0.099566
0 0.433597 0.614921 0.069184 0.115672
0 0.131329 0.647866 0.054359 0.093709
0 0.104150 0.662508 0.051064 0.093709
0 0.058028 0.684471 0.077420 0.096638
0 0.210397 0.616386 0.036239 0.048319
0 0.017259 0.695453 0.030474 0.130314
0 0.485897 0.642741 0.126013 0.150813
0 0.905529 0.865301 0.187785 0.253308
0 0.300078 0.586865 0.013115 0.020984
0 0.287618 0.586865 0.017050 0.016321
0 0.154105 0.614145 0.043280 0.055959
0 0.312144 0.585000 0.015738 0.020984