0 0.148825 0.624048 0.137781 0.173892
0 0.435168 0.562344 0.023139 0.035526
0 0.454100 0.568889 0.025242 0.056094
0 0.473558 0.577303 0.043122 0.076662
0 0.497223 0.588522 0.042071 0.072922
0 0.512210 0.615634 0.044174 0.119668
0 0.338879 0.557670 0.029870 0.059834
0 0.330781 0.566084 0.028398 0.054224
0 0.297650 0.562344 0.056795 0.080402
0 0.603714 0.593196 0.183007 0.205679
0 0.393781 0.567860 0.014725 0.020568
0 0.411661 0.563186 0.018932 0.026177
0 0.713137 0.687154 0.255579 0.259903
0 0.059182 0.651628 0.118363 0.293560
0 0.273499 0.575901 0.078882 0.082272
0 0.370222 0.563279 0.013673 0.026177