0 0.551803 0.515246 0.008613 0.015312
0 0.556827 0.521626 0.012919 0.020416
0 0.565440 0.528644 0.014355 0.037004
0 0.573336 0.528644 0.015790 0.037004
0 0.583743 0.531196 0.019379 0.042108
0 0.599174 0.532472 0.017226 0.044660
0 0.626854 0.519201 0.053637 0.122749
0 0.653375 0.553937 0.055288 0.113110
0 0.730132 0.552468 0.145641 0.158661
0 0.775473 0.626606 0.230979 0.251983
0 0.106765 0.680955 0.213529 0.337713
0 0.957739 0.780972 0.082249 0.268597
0 0.529051 0.512184 0.012202 0.012760
0 0.516131 0.511546 0.012202 0.019140
0 0.523667 0.531323 0.005742 0.025520
0 0.511466 0.530047 0.012919 0.045936
0 0.495675 0.531961 0.030145 0.054868
0 0.483115 0.542169 0.030863 0.059972
0 0.397059 0.552010 0.053684 0.084756
0 0.532998 0.527495 0.012919 0.017864
0 0.445433 0.553653 0.081823 0.093147
0 0.280639 0.590785 0.134936 0.155671