0 0.779258 0.436405 0.171299 0.122356
0 0.650784 0.506420 0.155240 0.212085
0 0.568958 0.510498 0.057355 0.125076
0 0.516727 0.483444 0.061943 0.081571
0 0.487361 0.481405 0.020648 0.058459
0 0.382593 0.477870 0.016059 0.014955
0 0.343592 0.470393 0.031354 0.048943
0 0.257943 0.491465 0.045119 0.053021
0 0.320650 0.477870 0.016059 0.031269
0 0.301532 0.478550 0.022177 0.024471
0 0.285473 0.478550 0.022177 0.029909
0 0.218789 0.478550 0.049707 0.038066
0 0.169846 0.488746 0.046648 0.042145
0 0.091385 0.469033 0.097120 0.046224
0 0.452201 0.461647 0.028290 0.037059