0 0.244419 0.523922 0.134879 0.160780
0 0.474024 0.541247 0.115388 0.184343
0 0.336027 0.511447 0.021830 0.033265
0 0.354739 0.507982 0.026508 0.048511
0 0.388263 0.525308 0.071727 0.083162
0 0.152811 0.514913 0.038982 0.040195
0 0.113049 0.521843 0.040542 0.042967
0 0.070168 0.519071 0.057694 0.051283
0 0.579277 0.498973 0.038982 0.033265
0 0.979235 0.519071 0.038982 0.092864
0 0.940642 0.497587 0.072507 0.074846
0 0.912965 0.514913 0.106032 0.079004
0 0.839288 0.496894 0.086541 0.081776
0 0.781205 0.505210 0.054575 0.054055
0 0.748070 0.503824 0.044440 0.045739
0 0.713765 0.499666 0.033525 0.042967
0 0.692715 0.500359 0.028847 0.038809
0 0.666987 0.500359 0.033525 0.033265
0 0.640869 0.502438 0.034304 0.034651