0 0.819563 0.471945 0.330258 0.259189
1 0.554250 0.442146 0.183217 0.363142
0 0.650938 0.498364 0.025705 0.073292
0 0.452684 0.486730 0.022946 0.032803
0 0.433278 0.487335 0.016743 0.029392
0 0.409350 0.489140 0.017139 0.035156
0 0.395592 0.494122 0.017152 0.031879
0 0.376391 0.490312 0.019775 0.037500
0 0.362549 0.494815 0.021094 0.047125
0 0.342114 0.499746 0.032959 0.051444
0 0.313110 0.506718 0.043506 0.056250
0 0.278833 0.516093 0.043506 0.060937
0 0.236066 0.519764 0.055531 0.074846
0 0.167000 0.532931 0.090751 0.092864