0 0.445739 0.473061 0.012621 0.014958
0 0.455205 0.476801 0.010518 0.011219
0 0.466774 0.475866 0.012621 0.013089
0 0.531983 0.489889 0.018932 0.026177
0 0.557226 0.497369 0.037864 0.063573
0 0.577735 0.490824 0.011569 0.016828
0 0.459412 0.495499 0.023139 0.037396
0 0.431329 0.475866 0.013673 0.016828
0 0.422389 0.474931 0.010518 0.014958
0 0.410820 0.476801 0.014725 0.014958
0 0.357706 0.472126 0.009466 0.013089
0 0.331937 0.473061 0.018932 0.014958
0 0.370327 0.472126 0.009466 0.016828
0 0.321420 0.473061 0.021035 0.014958
0 0.290919 0.473061 0.021035 0.014958
0 0.250531 0.467452 0.031553 0.022438
0 0.226340 0.467452 0.027346 0.014958
0 0.278928 0.474931 0.010518 0.011219
0 0.492647 0.542244 0.094659 0.138366
0 0.388523 0.501108 0.054692 0.063573