0 0.843329 0.786480 0.311402 0.267857
0 0.031425 0.682653 0.062851 0.171429
0 0.069739 0.665817 0.034439 0.064286
0 0.082653 0.690306 0.043048 0.104082
0 0.246381 0.678317 0.028412 0.026020
0 0.226579 0.676786 0.009471 0.022959
0 0.346684 0.683674 0.018941 0.033673
0 0.295456 0.676021 0.009471 0.015306
0 0.288999 0.673725 0.005166 0.013776
0 0.287277 0.681378 0.008610 0.010714
0 0.280389 0.677551 0.006888 0.015306
0 0.269914 0.680613 0.009471 0.015306
0 0.303492 0.679847 0.009471 0.013776
0 0.322003 0.683674 0.032717 0.030612
0 0.370217 0.685970 0.029273 0.041327