0 0.408409 0.507496 0.021016 0.017435
0 0.479163 0.521195 0.011208 0.024908
0 0.468655 0.522440 0.015412 0.027399
0 0.463051 0.526176 0.015412 0.024908
0 0.448340 0.522440 0.028021 0.032380
0 0.428725 0.519949 0.016813 0.027399
0 0.491773 0.522440 0.019615 0.032380
0 0.508585 0.524931 0.019615 0.037362
0 0.525398 0.538630 0.014011 0.029889
0 0.550617 0.561047 0.056042 0.084686
0 0.631879 0.595918 0.159721 0.204244
0 0.716993 0.567274 0.018214 0.062269
0 0.757624 0.572256 0.068652 0.062269
0 0.815067 0.577237 0.079860 0.082196