0 0.267149 0.259453 0.011865 0.039844
0 0.252647 0.258281 0.025049 0.037500
0 0.232212 0.260625 0.015820 0.023437
0 0.221006 0.265312 0.019775 0.032812
0 0.193321 0.264140 0.038232 0.044531
0 0.153111 0.264140 0.047461 0.058594
0 0.352842 0.254765 0.017139 0.035156
0 0.329771 0.252422 0.036914 0.058594
0 0.433921 0.255937 0.023730 0.042187
0 0.416123 0.262969 0.025049 0.046875
0 0.480064 0.266484 0.047461 0.058594
0 0.102354 0.260625 0.083057 0.089062
0 0.298130 0.261797 0.052734 0.082031
0 0.385142 0.262969 0.047461 0.079687
2 0.548618 0.245390 0.089648 0.138281