0 0.456470 0.421473 0.018597 0.025714
0 0.415144 0.431575 0.018597 0.023878
0 0.397580 0.431575 0.018597 0.034898
0 0.384665 0.435249 0.019630 0.038571
0 0.368135 0.438922 0.019630 0.038571
0 0.357287 0.441677 0.020663 0.044082
0 0.347988 0.442596 0.024796 0.045918
0 0.313377 0.438922 0.060957 0.082653
0 0.258620 0.450861 0.079554 0.106531
0 0.221426 0.480249 0.038227 0.099184
0 0.838986 0.451971 0.162207 0.170816
0 0.922464 0.484592 0.149809 0.262653
2 0.625946 0.364286 0.277921 0.492245
1 0.109286 0.437975 0.218571 0.874726