0 0.090439 0.435215 0.045219 0.069302
0 0.438940 0.403337 0.015593 0.033265
0 0.468177 0.419276 0.035084 0.084548
2 0.409314 0.397792 0.045219 0.091478
0 0.258063 0.422741 0.021830 0.055441
0 0.217521 0.417890 0.043660 0.045739
0 0.152031 0.418583 0.088880 0.105339
0 0.509888 0.437294 0.087320 0.117813
0 0.331739 0.451155 0.175420 0.325719
0 0.760544 0.455313 0.304841 0.419969
0 0.956235 0.458778 0.084981 0.110883
0 0.018175 0.428186 0.034792 0.106725
0 0.093557 0.609856 0.006237 0.002772
0 0.038690 0.428186 0.012474 0.059600