2 0.520450 0.538960 0.049715 0.041592
0 0.463034 0.548492 0.017547 0.025995
0 0.425504 0.553691 0.010723 0.019063
0 0.417705 0.554557 0.012673 0.024262
0 0.413806 0.556290 0.008773 0.024262
0 0.395122 0.564089 0.042242 0.050257
0 0.374326 0.552824 0.013647 0.034660
0 0.362141 0.557157 0.022421 0.036393
0 0.342158 0.558890 0.025345 0.032927
0 0.322174 0.565822 0.032169 0.032927
0 0.269534 0.570154 0.069211 0.072786
0 0.167180 0.578819 0.069211 0.065854
0 0.109666 0.585751 0.071161 0.076252
0 0.038497 0.592616 0.076994 0.093448
0 0.568800 0.545892 0.028269 0.048524
0 0.569288 0.560623 0.009748 0.036393
0 0.582935 0.563222 0.025345 0.041592
0 0.595608 0.572754 0.029244 0.053723
0 0.631675 0.571021 0.072136 0.098781
0 0.639961 0.593550 0.047766 0.088383
0 0.695525 0.597882 0.096506 0.145571
0 0.730131 0.633408 0.083833 0.154236
0 0.857733 0.690251 0.281719 0.430822