0 0.407066 0.634592 0.012398 0.023878
0 0.387953 0.631837 0.017564 0.029388
0 0.386403 0.631837 0.016531 0.022041
0 0.375555 0.632755 0.017564 0.027551
0 0.363673 0.635510 0.022730 0.029388
0 0.342494 0.638265 0.027895 0.038571
0 0.321314 0.636428 0.033061 0.053265
0 0.292902 0.642857 0.042360 0.051429
0 0.236594 0.627245 0.033061 0.023878
0 0.251059 0.648367 0.055791 0.062449
0 0.192685 0.637347 0.063023 0.040408
0 0.154974 0.637347 0.041327 0.040408
0 0.014464 0.648367 0.028929 0.040408
0 0.029445 0.649286 0.038227 0.034898
0 0.082653 0.640102 0.111582 0.049592
0 0.484037 0.650204 0.057857 0.112041
0 0.592002 0.641020 0.048559 0.078980
0 0.628680 0.629081 0.018597 0.022041
0 0.701518 0.630000 0.029962 0.031224
0 0.735612 0.629081 0.040293 0.047755
0 0.865274 0.631837 0.068189 0.060612
0 0.907962 0.625184 0.076454 0.077143
0 0.943607 0.641714 0.060957 0.073469
0 0.545322 0.715184 0.163240 0.224082