2 0.077788 0.511364 0.155077 0.074704
0 0.167833 0.531818 0.035017 0.030237
0 0.343420 0.529150 0.023011 0.014229
0 0.382439 0.529150 0.015007 0.014229
2 0.422459 0.520257 0.029014 0.028459
0 0.452974 0.530929 0.019009 0.030237
0 0.562028 0.526482 0.013006 0.012451
0 0.554024 0.529150 0.015007 0.014229
0 0.436466 0.544269 0.038019 0.048024
0 0.834662 0.510474 0.143071 0.069368
0 0.741616 0.519368 0.041020 0.037352
0 0.695594 0.514032 0.051025 0.044466
0 0.650571 0.512253 0.035017 0.044466
2 0.626560 0.511364 0.013006 0.039130
2 0.606049 0.508696 0.030015 0.044466
0 0.220859 0.562055 0.116057 0.104941
0 0.499997 0.560277 0.096047 0.152964