0 0.396098 0.663559 0.006864 0.027458
0 0.448439 0.671949 0.012013 0.044237
0 0.461309 0.672712 0.012013 0.042712
0 0.481045 0.676525 0.027458 0.038136
0 0.495632 0.682169 0.017161 0.051254
0 0.519657 0.676525 0.034322 0.083898
0 0.377650 0.662034 0.014587 0.018305
0 0.358772 0.666610 0.023167 0.045763
0 0.345044 0.693152 0.042044 0.045763
0 0.200194 0.713571 0.244223 0.294407
0 0.418032 0.680175 0.052234 0.072022
0 0.584011 0.698317 0.130424 0.157119
0 0.803427 0.813650 0.291737 0.369479
0 0.932563 0.867639 0.129566 0.263898