0 0.447105 0.728203 0.015820 0.021094
0 0.433921 0.729374 0.015820 0.023437
0 0.416783 0.725859 0.018457 0.021094
0 0.398985 0.727031 0.017139 0.032812
0 0.364707 0.723515 0.017139 0.030469
0 0.375913 0.737578 0.029004 0.044531
0 0.519615 0.728203 0.018457 0.016406
0 0.532798 0.729374 0.015820 0.028125
0 0.544004 0.729374 0.019775 0.028125
0 0.155088 0.745781 0.051416 0.093750
1 0.302085 0.701250 0.050098 0.112500
1 0.210459 0.690703 0.143701 0.180469
0 0.476109 0.730546 0.015820 0.016406
0 0.495225 0.727031 0.014502 0.018750
0 0.575645 0.735234 0.048779 0.058594
1 0.066668 0.677812 0.133335 0.309375