0 0.365651 0.545739 0.018247 0.024954
0 0.357931 0.550730 0.011229 0.027449
0 0.339683 0.554473 0.022458 0.022458
0 0.309271 0.562292 0.021055 0.029945
0 0.284356 0.558549 0.027371 0.049908
0 0.242247 0.552934 0.063866 0.078604
0 0.397584 0.537879 0.007720 0.008734
0 0.406708 0.537255 0.011931 0.014972
0 0.416884 0.538503 0.005615 0.009982
0 0.421095 0.542870 0.007018 0.016220
0 0.426359 0.544741 0.007720 0.012477
0 0.437237 0.547236 0.011229 0.017468
0 0.452326 0.549732 0.014738 0.032440
0 0.463205 0.550356 0.008422 0.038678
0 0.471977 0.555970 0.017546 0.057394
0 0.509525 0.555346 0.070183 0.098567
0 0.191247 0.565203 0.093343 0.084843
0 0.646030 0.540998 0.030178 0.027449