0 0.512042 0.606275 0.016075 0.020413
0 0.522377 0.606275 0.018372 0.031300
0 0.538376 0.611719 0.021587 0.055796
0 0.565933 0.617162 0.042715 0.072127
0 0.594257 0.646421 0.044552 0.081653
0 0.651057 0.649824 0.092625 0.121119
0 0.410614 0.612399 0.036744 0.051714
0 0.433426 0.611208 0.027252 0.046610
0 0.391782 0.625328 0.035213 0.058518
0 0.464581 0.605595 0.009951 0.013609
0 0.740037 0.682349 0.151569 0.185081
0 0.162641 0.666835 0.212863 0.264012
0 0.349374 0.629274 0.090329 0.119758
0 0.487240 0.585726 0.013013 0.013609
0 0.488170 0.602193 0.017935 0.017692
0 0.034776 0.670917 0.068895 0.141532
0 0.902730 0.694090 0.191375 0.374244
0 0.454324 0.610698 0.014544 0.034022