0 0.525227 0.528083 0.009182 0.011427
0 0.515585 0.528900 0.010101 0.019589
0 0.504107 0.528900 0.014692 0.019589
0 0.492630 0.536245 0.019283 0.021221
0 0.467378 0.537062 0.016528 0.022854
0 0.452228 0.541959 0.021119 0.022854
0 0.559201 0.534613 0.007346 0.021221
0 0.546805 0.532981 0.021119 0.027751
0 0.574811 0.532164 0.012855 0.032648
0 0.612918 0.527267 0.008264 0.013059
0 0.618427 0.529716 0.011937 0.021221
0 0.628527 0.527267 0.011937 0.026119
0 0.636792 0.529716 0.011937 0.027751
0 0.648728 0.528900 0.022956 0.035913
0 0.430190 0.544408 0.015610 0.024486
0 0.371423 0.555018 0.022956 0.026119
0 0.345254 0.556651 0.031220 0.032648
0 0.328726 0.573791 0.058767 0.053869
0 0.275622 0.571342 0.065194 0.075091
0 0.215937 0.587666 0.063358 0.055502
0 0.416325 0.553223 0.022037 0.027751
0 0.538908 0.540163 0.024792 0.037545
0 0.594920 0.546693 0.041320 0.057134
0 0.658370 0.528900 0.025710 0.032648
0 0.694181 0.533797 0.029383 0.062031
0 0.863725 0.527850 0.033974 0.053869
0 0.928919 0.527034 0.118451 0.163241
0 0.162318 0.598820 0.024792 0.062031
0 0.080345 0.612969 0.159772 0.145284
0 0.786004 0.600726 0.239658 0.235067
0 0.011274 0.771793 0.022548 0.168113