0 0.280671 0.267353 0.016379 0.026471
0 0.268759 0.270000 0.019357 0.031765
0 0.260570 0.281912 0.023824 0.034412
0 0.241213 0.301765 0.029779 0.042353
0 0.227068 0.315000 0.025313 0.037059
0 0.212923 0.328236 0.029779 0.042353
0 0.200267 0.338824 0.025313 0.052941
0 0.173465 0.358677 0.052114 0.071471
0 0.146664 0.385147 0.061048 0.055588
0 0.099017 0.435441 0.081893 0.103235
0 0.370009 0.258088 0.013401 0.018529
0 0.376710 0.266030 0.017868 0.029118
0 0.329063 0.262059 0.020846 0.031765
0 0.291838 0.296471 0.026801 0.037059
0 0.295561 0.330883 0.031268 0.037059
0 0.295561 0.346765 0.037224 0.047647
0 0.282160 0.381177 0.049136 0.058235
0 0.255359 0.464559 0.052114 0.097941
0 0.152620 0.501618 0.156342 0.193235
0 0.405745 0.281912 0.022335 0.039706
0 0.413934 0.307059 0.023824 0.042353
0 0.423612 0.317647 0.031268 0.042353
0 0.430313 0.350736 0.038713 0.060882
0 0.460092 0.426177 0.050625 0.079412
0 0.362565 0.528089 0.212923 0.262059
0 0.848565 0.443383 0.111673 0.097941
0 0.960833 0.397589 0.077129 0.110118