0 0.526680 0.595915 0.136578 0.160252
0 0.835347 0.560708 0.120189 0.118975
0 0.451738 0.598343 0.048817 0.082554
0 0.779350 0.553424 0.046437 0.084982
0 0.760229 0.546140 0.030047 0.070414
0 0.745206 0.546140 0.043705 0.065558
0 0.716524 0.541284 0.021853 0.055845
0 0.706964 0.536428 0.021853 0.050989
0 0.575848 0.544926 0.021853 0.043705
0 0.593604 0.542498 0.013658 0.048561
0 0.602481 0.538856 0.017755 0.041277
0 0.614090 0.534000 0.008195 0.026709
0 0.625017 0.532786 0.010926 0.029137
0 0.660020 0.531328 0.025049 0.039844