0 0.022925 0.459765 0.045849 0.137547
1 0.211515 0.355331 0.342794 0.392265
0 0.429596 0.373161 0.044416 0.048396
0 0.401896 0.376981 0.032954 0.035660
2 0.454909 0.361698 0.014328 0.020377
0 0.545533 0.358514 0.011462 0.012736
0 0.558428 0.366156 0.022925 0.022925
0 0.648335 0.389081 0.024357 0.053491
0 0.674841 0.389081 0.042984 0.078962
0 0.717109 0.390354 0.081669 0.101887
0 0.776211 0.359788 0.024357 0.015283
0 0.755436 0.410732 0.097429 0.091698
0 0.877222 0.426015 0.181964 0.178302
0 0.970353 0.476958 0.055879 0.173208
0 0.534787 0.367430 0.021492 0.025472
0 0.480341 0.369977 0.012895 0.010189