0 0.484713 0.539237 0.009439 0.013729
0 0.477848 0.540763 0.009439 0.016780
0 0.494151 0.539237 0.009439 0.016780
0 0.498442 0.559068 0.014587 0.035085
0 0.485142 0.549915 0.012013 0.016780
0 0.513028 0.559830 0.030032 0.039661
0 0.449914 0.567458 0.085805 0.061017
0 0.285516 0.621610 0.058347 0.076271
0 0.210866 0.665085 0.163030 0.154068
0 0.581115 0.604830 0.067786 0.155593
0 0.652762 0.630763 0.149301 0.207458
0 0.078235 0.741356 0.155307 0.268475
0 0.830888 0.756610 0.334640 0.414915
0 0.388804 0.754758 0.273718 0.385932