0 0.440465 0.439560 0.017755 0.027356
0 0.428446 0.436808 0.012292 0.016996
0 0.531426 0.440936 0.034145 0.063130
0 0.464913 0.434137 0.035510 0.058273
0 0.576907 0.453562 0.103800 0.155396
0 0.400721 0.443849 0.051900 0.072842
0 0.309213 0.452347 0.032779 0.036421
0 0.219755 0.447491 0.055997 0.065558
0 0.248436 0.449919 0.009560 0.036421
0 0.120872 0.470133 0.091507 0.073449
0 0.493731 0.437051 0.020487 0.024281
0 0.034691 0.556997 0.068289 0.169964
0 0.788228 0.429593 0.058729 0.046133
0 0.642089 0.435663 0.028681 0.063130
0 0.667356 0.438091 0.030047 0.063130
0 0.952498 0.657059 0.092084 0.318438