0 0.454850 0.488622 0.012006 0.032016
0 0.408327 0.492180 0.015007 0.028459
0 0.429837 0.504630 0.040020 0.060474
0 0.383314 0.498405 0.043021 0.062253
0 0.267257 0.519749 0.049024 0.080040
0 0.193220 0.521528 0.115057 0.126285
0 0.072848 0.544269 0.145697 0.170751
0 0.563904 0.482905 0.016008 0.023123
0 0.581912 0.498913 0.040020 0.069368
0 0.616930 0.524704 0.066033 0.096047
0 0.729628 0.597629 0.199098 0.234783
0 0.512021 0.569170 0.146072 0.231225
0 0.901713 0.573617 0.157078 0.183202
0 0.972248 0.635870 0.054027 0.208103