0 0.287049 0.350516 0.038273 0.041237
0 0.396070 0.373196 0.038273 0.103093
2 0.339240 0.389691 0.135696 0.164948
2 0.448840 0.308247 0.011598 0.047423
2 0.430284 0.321650 0.037113 0.074227
0 0.466817 0.307217 0.015077 0.024742
0 0.479575 0.311340 0.012758 0.020619
0 0.487693 0.313402 0.015077 0.024742
0 0.502191 0.321650 0.020876 0.020619
0 0.530606 0.344330 0.026675 0.041237
0 0.648325 0.356701 0.020876 0.037113
0 0.471456 0.326804 0.022036 0.035052
0 0.565979 0.357732 0.055670 0.063918
0 0.505090 0.363918 0.063789 0.092784
0 0.866134 0.446392 0.264433 0.274227
0 0.975578 0.576907 0.045546 0.218557