0 0.492640 0.359534 0.012165 0.025042
0 0.536499 0.370347 0.010245 0.017074
0 0.546424 0.377746 0.013446 0.020489
0 0.524014 0.366363 0.010885 0.015936
0 0.529136 0.382299 0.012165 0.022766
0 0.503845 0.364087 0.010245 0.011383
0 0.514089 0.366933 0.010245 0.014798
0 0.514730 0.374331 0.012806 0.009106
0 0.504165 0.381161 0.014726 0.020489
0 0.516651 0.390836 0.020489 0.030734
0 0.557629 0.386852 0.016647 0.022766
0 0.474392 0.368640 0.016647 0.020489
0 0.438216 0.380592 0.014726 0.033010
0 0.463507 0.393682 0.033295 0.043255
0 0.605330 0.410187 0.033935 0.042116
0 0.642832 0.402219 0.023690 0.028457
0 0.685411 0.394820 0.023050 0.022766
0 0.665242 0.426692 0.036496 0.054637
0 0.718065 0.429538 0.080676 0.092201
2 0.620598 0.385318 0.024169 0.024949
2 0.706359 0.374230 0.067829 0.033265