0 0.171927 0.570036 0.052339 0.081620
0 0.400107 0.520248 0.007346 0.024486
0 0.387251 0.524329 0.018365 0.032648
0 0.367969 0.529226 0.033056 0.045707
0 0.334453 0.538204 0.043157 0.070193
0 0.298183 0.554528 0.036729 0.096312
0 0.455200 0.517799 0.007346 0.016324
0 0.468056 0.521880 0.016528 0.024486
0 0.500194 0.516167 0.027547 0.026119
0 0.521772 0.525145 0.030302 0.044075
0 0.489175 0.545550 0.051421 0.065296
0 0.240335 0.590441 0.135898 0.174667
0 0.075054 0.667981 0.146917 0.264450
0 0.418930 0.534940 0.037647 0.057134