0 0.286596 0.362382 0.025121 0.030624
0 0.308487 0.350898 0.015790 0.022968
0 0.338991 0.363658 0.020815 0.028072
0 0.226162 0.344518 0.020815 0.028072
0 0.238776 0.346592 0.015898 0.022011
0 0.217118 0.352812 0.017369 0.034452
0 0.195873 0.357916 0.033734 0.047212
0 0.506944 0.502869 0.075363 0.098251
0 0.563431 0.524561 0.101920 0.118667
0 0.956070 0.600155 0.082541 0.088044
0 0.184102 0.376737 0.040912 0.048488
0 0.261170 0.346751 0.022788 0.021692
0 0.291764 0.380565 0.032299 0.040832
0 0.279383 0.461590 0.083976 0.116115
0 0.378790 0.419483 0.086130 0.059972
0 0.351875 0.379289 0.023686 0.028072
0 0.663926 0.540647 0.218320 0.197456
0 0.014304 0.456076 0.027992 0.109735
0 0.319756 0.358873 0.015073 0.017864