0 0.168750 0.380357 0.048214 0.035204
0 0.122688 0.388010 0.061129 0.047449
0 0.301598 0.378061 0.064573 0.030612
0 0.450890 0.384949 0.026690 0.019898
0 0.403364 0.384949 0.046492 0.039796
0 0.546716 0.386021 0.044770 0.036735
0 0.684815 0.412806 0.203189 0.163776
0 0.847502 0.426385 0.302200 0.284694
2 0.693942 0.351735 0.284120 0.143878
0 0.565227 0.416786 0.078348 0.105612
2 0.516151 0.375459 0.057685 0.044388
0 0.603109 0.416021 0.142060 0.134694
0 0.066295 0.479082 0.130867 0.269388
0 0.516151 0.381123 0.030995 0.032143