0 0.487885 0.463603 0.014692 0.022854
0 0.474173 0.469154 0.018365 0.026119
0 0.508148 0.468337 0.020201 0.027751
0 0.535695 0.470786 0.016528 0.019589
0 0.390155 0.484661 0.028465 0.050605
0 0.459022 0.470786 0.028465 0.035913
0 0.615121 0.478132 0.056012 0.083253
0 0.699690 0.510943 0.069785 0.063664
0 0.369837 0.489671 0.039484 0.057134
0 0.340454 0.493752 0.041320 0.078356
0 0.280310 0.494568 0.101005 0.112636
0 0.177677 0.512576 0.126716 0.163241
0 0.066342 0.515024 0.132684 0.226904
0 0.555222 0.469861 0.023874 0.031016