0 0.044354 0.424583 0.088708 0.055456
0 0.403570 0.434114 0.093582 0.140372
0 0.983094 0.588351 0.030219 0.327535
0 0.886100 0.509500 0.226155 0.332734
0 0.761325 0.468774 0.130624 0.168100
0 0.688702 0.463575 0.088708 0.112644
0 0.594633 0.428915 0.037043 0.060655
0 0.565876 0.430648 0.012673 0.043325
0 0.237853 0.412452 0.037043 0.027728
0 0.478143 0.418518 0.012673 0.029461
0 0.452798 0.421117 0.016572 0.020796
0 0.469370 0.419384 0.006824 0.017330
0 0.491791 0.415918 0.016572 0.020796
0 0.549792 0.421117 0.019496 0.024262
0 0.536632 0.421117 0.008773 0.024262
0 0.527858 0.422850 0.008773 0.020796