2 0.119286 0.551642 0.238572 0.354825
0 0.843572 0.563152 0.311850 0.237555
0 0.668156 0.563424 0.065490 0.101181
0 0.623327 0.557187 0.066270 0.094250
0 0.577717 0.562038 0.045219 0.056827
0 0.561735 0.547484 0.055355 0.058214
0 0.346552 0.534317 0.010135 0.026335
0 0.352010 0.529466 0.008576 0.022177
0 0.252920 0.542439 0.027139 0.046128
2 0.318095 0.522536 0.021830 0.069302
2 0.394111 0.516992 0.028847 0.072074
1 0.447906 0.516299 0.036643 0.076232
1 0.366044 0.515606 0.013254 0.016632
0 0.507159 0.544019 0.056914 0.070688
0 0.425297 0.536396 0.050677 0.080390
0 0.366044 0.540554 0.030406 0.041581
2 0.289248 0.514913 0.037423 0.081776
0 0.329790 0.534317 0.026508 0.042967
0 0.479872 0.536396 0.017932 0.047125