0 0.023401 0.675715 0.046335 0.254746
0 0.071452 0.668851 0.080657 0.161695
0 0.182570 0.778681 0.297744 0.424068
0 0.426256 0.708512 0.067786 0.048814
0 0.483746 0.720715 0.069502 0.048814
0 0.547670 0.730630 0.020593 0.032034
0 0.580705 0.743596 0.048909 0.045763
0 0.636050 0.736732 0.037754 0.028983
0 0.661362 0.758850 0.078083 0.067119
0 0.718422 0.770291 0.049767 0.062542
0 0.756177 0.768766 0.029174 0.035085
0 0.786637 0.784020 0.064354 0.059492
0 0.825250 0.800800 0.030032 0.032034
0 0.884884 0.826732 0.025742 0.041186
0 0.939800 0.831308 0.085805 0.062542