0 0.347951 0.324245 0.013765 0.027190
0 0.318127 0.326964 0.013765 0.019033
0 0.180476 0.336480 0.032119 0.048943
0 0.119298 0.329683 0.062708 0.048943
0 0.068061 0.328323 0.053531 0.062538
0 0.419836 0.326284 0.012236 0.025831
0 0.435130 0.325604 0.024471 0.038066
0 0.439719 0.341918 0.021412 0.032628
0 0.454248 0.318807 0.019883 0.013595
0 0.466484 0.352795 0.045884 0.062538
0 0.494014 0.345317 0.021412 0.061178
0 0.510074 0.345317 0.032119 0.066616
0 0.525368 0.354834 0.044354 0.066616
0 0.550604 0.366390 0.055060 0.070695
0 0.392688 0.363671 0.072649 0.106042
2 0.817895 0.401110 0.362481 0.486707
0 0.007847 0.333814 0.015695 0.055740