0 0.666222 0.459375 0.016875 0.037500
0 0.749542 0.478125 0.014766 0.048750
0 0.587120 0.442500 0.014766 0.022500
0 0.571300 0.433125 0.012656 0.018750
0 0.562862 0.438750 0.008437 0.022500
0 0.556534 0.452812 0.016875 0.046875
0 0.480069 0.435000 0.017930 0.030000
0 0.460558 0.432187 0.023203 0.031875
0 0.430499 0.436875 0.034805 0.041250
0 0.416261 0.423750 0.021094 0.022500
0 0.396222 0.417187 0.023203 0.035625
0 0.361944 0.412500 0.043242 0.045000
0 0.320284 0.418125 0.033750 0.041250
2 0.243819 0.388125 0.114961 0.142500
0 0.206378 0.435000 0.156094 0.135000
0 0.067684 0.426562 0.129732 0.099375
0 0.519093 0.458906 0.068555 0.119062
0 0.609269 0.457500 0.037969 0.067500
0 0.647237 0.462187 0.029531 0.043125
0 0.714072 0.465468 0.069873 0.117187
2 0.882822 0.415078 0.233349 0.353906
0 0.909327 0.666562 0.180351 0.373125