0 0.131599 0.499968 0.263198 0.497369
0 0.836873 0.415918 0.324611 0.512966
0 0.283182 0.475706 0.127700 0.178498
0 0.340208 0.441913 0.091632 0.135173
0 0.385049 0.442779 0.038992 0.088383
0 0.403083 0.432381 0.016572 0.057189
0 0.414293 0.431515 0.017547 0.055456
0 0.428428 0.419384 0.028269 0.048524
0 0.664332 0.430648 0.084808 0.129974
0 0.625827 0.428049 0.077985 0.107445
0 0.586834 0.422850 0.040942 0.076252
0 0.559540 0.416785 0.033143 0.053723
0 0.541993 0.413319 0.033143 0.046791
0 0.526396 0.418518 0.011698 0.029461
0 0.494228 0.411586 0.023395 0.032927
0 0.469370 0.408120 0.010723 0.015597
0 0.445416 0.418667 0.009560 0.029137