0 0.021127 0.619197 0.039840 0.221065
0 0.781283 0.711487 0.437387 0.573053
0 0.064589 0.584857 0.114691 0.169555
0 0.540859 0.589150 0.190749 0.195310
0 0.164189 0.563395 0.086924 0.109460
0 0.206444 0.545151 0.033804 0.068680
0 0.223346 0.545151 0.024145 0.051510
0 0.238437 0.539786 0.022938 0.049364
0 0.254735 0.543005 0.014487 0.042925
0 0.261375 0.535493 0.010865 0.032194
0 0.272844 0.533347 0.012073 0.032194
0 0.280691 0.525835 0.018109 0.034340
0 0.464801 0.547298 0.086924 0.137361
0 0.420735 0.536566 0.051913 0.115898
0 0.403833 0.518323 0.068815 0.100874
0 0.371840 0.524762 0.016902 0.049364
0 0.365804 0.520469 0.009658 0.045072
0 0.362182 0.512957 0.014487 0.034340
0 0.332000 0.517250 0.014487 0.025755
0 0.307251 0.517250 0.013280 0.025755