0 0.393986 0.339455 0.009679 0.029722
0 0.378148 0.343366 0.032557 0.053187
0 0.419064 0.348841 0.026398 0.035979
0 0.347350 0.334762 0.014959 0.020336
0 0.342071 0.337891 0.014959 0.020336
0 0.327552 0.340238 0.012319 0.021900
0 0.317433 0.342584 0.013199 0.020336
0 0.306874 0.342584 0.013199 0.023465
0 0.287515 0.343366 0.016719 0.025029
0 0.267277 0.340238 0.020238 0.028158
0 0.249239 0.340238 0.019358 0.028158
0 0.232080 0.337891 0.021998 0.039108
0 0.214482 0.339455 0.021998 0.039108
0 0.197763 0.341020 0.025518 0.042236
0 0.163886 0.342584 0.049276 0.048494
0 0.561304 0.366831 0.041356 0.079780
0 0.606180 0.365267 0.095912 0.132966
0 0.681854 0.385603 0.143428 0.157995
0 0.811995 0.433314 0.221741 0.193975
0 0.933424 0.492758 0.130229 0.193975