0 0.486560 0.551170 0.016389 0.041277
0 0.504316 0.548741 0.032779 0.060701
0 0.528217 0.552384 0.031413 0.092266
0 0.543923 0.558454 0.043705 0.099550
0 0.598555 0.552384 0.087410 0.145684
0 0.664795 0.573022 0.151602 0.177248
0 0.830055 0.620369 0.315496 0.259802
0 0.250963 0.571808 0.036876 0.050989
0 0.220233 0.573022 0.043705 0.058273
0 0.179259 0.576664 0.060094 0.065558
0 0.100044 0.591232 0.128384 0.118975
0 0.030901 0.596089 0.061802 0.099550
0 0.469010 0.543885 0.013658 0.019424
0 0.391160 0.551170 0.016389 0.024281
0 0.380234 0.554812 0.021853 0.031565
0 0.413013 0.553598 0.019121 0.029137