0 0.385998 0.343421 0.016828 0.022438
0 0.375481 0.341240 0.008414 0.016828
0 0.370222 0.340305 0.008414 0.022438
0 0.360756 0.344044 0.010518 0.022438
0 0.351290 0.344044 0.010518 0.018698
0 0.342876 0.344979 0.016828 0.024307
0 0.329729 0.345914 0.015776 0.029917
0 0.316056 0.347784 0.022087 0.041136
0 0.295546 0.355263 0.027346 0.044875
0 0.275037 0.359938 0.034708 0.069183
0 0.245237 0.381441 0.041019 0.063573
0 0.200186 0.386738 0.070118 0.099100
0 0.115694 0.399827 0.119901 0.136496
0 0.043122 0.431614 0.086245 0.162673
0 0.407559 0.343110 0.013673 0.024307
0 0.418077 0.345914 0.011569 0.029917
0 0.425965 0.347784 0.010518 0.037396
0 0.438061 0.352459 0.019984 0.050485
0 0.508354 0.375831 0.054692 0.093490
0 0.518871 0.384245 0.031553 0.102839
0 0.540959 0.388920 0.056795 0.115928
0 0.558488 0.390166 0.062405 0.127147
0 0.619140 0.399515 0.111487 0.183241
0 0.786371 0.454986 0.267149 0.286704
2 0.476069 0.351524 0.068365 0.104709