0 0.406465 0.421875 0.011990 0.023092
0 0.391478 0.430757 0.013988 0.023092
0 0.373992 0.430757 0.026978 0.033750
0 0.342518 0.428980 0.015987 0.023092
0 0.321535 0.435197 0.021982 0.024868
0 0.298554 0.431645 0.015987 0.031974
0 0.277072 0.436086 0.032973 0.065724
0 0.175156 0.443191 0.052956 0.072829
0 0.119701 0.463618 0.063947 0.060395
0 0.050068 0.462742 0.081316 0.097673
0 0.227613 0.445855 0.093923 0.113684
0 0.455425 0.413882 0.009992 0.021316
0 0.466916 0.415658 0.010991 0.024868
0 0.484148 0.424083 0.023473 0.045271
0 0.507882 0.422109 0.036970 0.063281
0 0.661755 0.490263 0.140884 0.195395
0 0.008001 0.478359 0.016002 0.086719