0 0.464581 0.498737 0.016398 0.017940
0 0.604724 0.535739 0.040365 0.051578
0 0.627430 0.541345 0.030274 0.053821
0 0.653289 0.545830 0.036581 0.067276
0 0.686717 0.558164 0.047934 0.069518
0 0.735534 0.576104 0.061810 0.078488
0 0.542158 0.518920 0.015137 0.017940
0 0.528913 0.517799 0.016398 0.020183
0 0.020183 0.539775 0.040365 0.051578
0 0.411223 0.510623 0.017660 0.024668
0 0.452850 0.488197 0.012614 0.015698
0 0.475555 0.481470 0.010091 0.015698
0 0.554394 0.519593 0.021444 0.029153
0 0.469879 0.524078 0.034058 0.051578
0 0.428883 0.518471 0.020183 0.026910
0 0.837835 0.594717 0.151370 0.130066
0 0.306777 0.592475 0.133710 0.161462