0 0.056354 0.555099 0.011990 0.019539
0 0.141284 0.559539 0.011990 0.021316
0 0.112807 0.563092 0.014988 0.021316
0 0.083057 0.552307 0.010991 0.015987
0 0.060076 0.563853 0.010991 0.017763
0 0.027103 0.576288 0.028976 0.035526
0 0.104039 0.557636 0.014988 0.030197
0 0.120526 0.568294 0.015987 0.023092
0 0.164490 0.562965 0.013988 0.012434
2 0.158994 0.542538 0.020983 0.035526
2 0.347339 0.539873 0.051957 0.076382
2 0.568157 0.523886 0.025979 0.026645
0 0.176555 0.548941 0.011391 0.016461
0 0.193241 0.546039 0.007993 0.014211
0 0.203010 0.548882 0.014988 0.017763
2 0.217498 0.537336 0.019984 0.037303
0 0.821624 0.547105 0.020983 0.021316
0 0.793647 0.547105 0.026978 0.021316