0 0.480723 0.537187 0.019775 0.032812
0 0.499839 0.539531 0.018457 0.046875
0 0.511045 0.543046 0.022412 0.049219
0 0.524888 0.545390 0.023730 0.053906
0 0.540708 0.548906 0.029004 0.070312
0 0.561143 0.552421 0.038232 0.082031
0 0.629697 0.574687 0.125244 0.145312
0 0.342295 0.552421 0.017139 0.044531
0 0.327793 0.557109 0.022412 0.049219
0 0.311314 0.558281 0.029004 0.051562
0 0.283628 0.558281 0.036914 0.070312
0 0.259239 0.573515 0.038232 0.044531
0 0.228916 0.574687 0.061963 0.089062
0 0.159043 0.565312 0.090967 0.089062
0 0.110923 0.592265 0.068555 0.086719
0 0.048211 0.606328 0.096421 0.100781
0 0.842612 0.652031 0.313769 0.262500
0 0.404161 0.552421 0.023164 0.025781
0 0.429307 0.553593 0.019775 0.028125
0 0.450401 0.547734 0.019775 0.021094