0 0.444934 0.463618 0.010991 0.017763
0 0.564336 0.454737 0.023980 0.035526
0 0.532362 0.458289 0.009992 0.028421
2 0.517374 0.448520 0.025979 0.055066
0 0.311544 0.481382 0.033972 0.039079
0 0.344017 0.477829 0.014988 0.028421
0 0.251093 0.489375 0.038968 0.058618
0 0.216122 0.493816 0.024979 0.042632
0 0.143682 0.496480 0.025979 0.026645
0 0.102216 0.497368 0.030975 0.031974
0 0.043764 0.502697 0.023980 0.024868
0 0.433943 0.472500 0.020983 0.024868
0 0.659257 0.459178 0.061949 0.069276
0 0.779658 0.463618 0.104914 0.110132
0 0.506383 0.461842 0.027977 0.035526
2 0.469913 0.455625 0.026978 0.047961
0 0.576326 0.464507 0.023980 0.037303
0 0.387481 0.470724 0.079934 0.142105
0 0.183649 0.498257 0.041965 0.037303
0 0.091724 0.518684 0.033972 0.046184
0 0.008793 0.512467 0.015987 0.051513
0 0.717459 0.451444 0.025345 0.036393