0 0.366495 0.376289 0.016237 0.024742
0 0.336340 0.372165 0.046392 0.061856
0 0.119459 0.368041 0.064948 0.090722
0 0.008119 0.435052 0.016237 0.150515
0 0.231959 0.386598 0.199485 0.243299
0 0.398389 0.376289 0.049871 0.070103
0 0.462178 0.392784 0.084665 0.119588
0 0.539304 0.390722 0.016237 0.032990
0 0.516688 0.381443 0.033634 0.059794
0 0.571199 0.395876 0.031314 0.043299
0 0.610052 0.393814 0.051031 0.068041
0 0.617010 0.406186 0.037113 0.055670
0 0.652384 0.404124 0.052191 0.088660
0 0.726611 0.394845 0.122938 0.189691
1 0.876804 0.343299 0.242397 0.680412