1 0.454042 0.498775 0.047299 0.036037
0 0.381163 0.523658 0.014553 0.018480
0 0.391559 0.525968 0.006237 0.013860
0 0.401174 0.516728 0.014034 0.008316
0 0.399095 0.526430 0.008836 0.020329
0 0.408191 0.527816 0.014553 0.021253
0 0.418067 0.525506 0.007277 0.018480
0 0.439897 0.526892 0.041581 0.039733
0 0.443795 0.539829 0.038982 0.039733
0 0.518121 0.531512 0.022350 0.024949
0 0.487975 0.552765 0.072247 0.065606
0 0.706884 0.548871 0.085241 0.040657
0 0.596175 0.563655 0.146573 0.184805
0 0.929125 0.620790 0.139817 0.131212
0 0.806981 0.681313 0.385145 0.261499
0 0.136178 0.630954 0.272356 0.388090
0 0.292459 0.539631 0.028067 0.055441
0 0.350153 0.516992 0.049897 0.041581
0 0.336119 0.577516 0.094597 0.131212
0 0.488058 0.501746 0.049378 0.040657