0 0.018511 0.445042 0.024968 0.032143
0 0.041327 0.444276 0.017219 0.024490
0 0.128284 0.464174 0.077487 0.048980
0 0.172624 0.471062 0.021524 0.026020
0 0.222130 0.461113 0.046492 0.042857
0 0.448135 0.470297 0.021524 0.027551
0 0.477408 0.468766 0.030134 0.042857
0 0.532510 0.477950 0.012915 0.018367
0 0.544994 0.468766 0.008610 0.018367
0 0.515721 0.464940 0.008610 0.010714
0 0.531218 0.451164 0.008610 0.013776
0 0.544994 0.489429 0.013776 0.029082
0 0.668543 0.482542 0.026690 0.024490
0 0.561352 0.484838 0.036161 0.065816
0 0.504098 0.481011 0.033578 0.039796