0 0.473533 0.474219 0.006864 0.007765
0 0.466669 0.470337 0.008112 0.013311
0 0.458246 0.470337 0.007488 0.013311
0 0.450446 0.467009 0.009360 0.015530
0 0.442646 0.464236 0.008736 0.021076
2 0.428919 0.455916 0.026207 0.042153
0 0.385241 0.449260 0.012479 0.022186
0 0.401464 0.459799 0.036190 0.032169
0 0.364026 0.458135 0.043678 0.046590
0 0.307868 0.455916 0.071133 0.055464
0 0.243911 0.447042 0.076749 0.082087
0 0.098837 0.435949 0.197175 0.126458
0 0.038312 0.380485 0.076125 0.104273
0 0.495060 0.478102 0.006240 0.026623
0 0.553713 0.484203 0.013727 0.021076
0 0.567129 0.495850 0.024335 0.059901
0 0.640134 0.484757 0.009360 0.013311
0 0.727802 0.504725 0.018719 0.017749
0 0.764928 0.513044 0.030575 0.025514
0 0.828885 0.525801 0.049918 0.026623
0 0.962790 0.531347 0.073629 0.070994
0 0.699160 0.493172 0.022840 0.028810
0 0.657478 0.488165 0.011855 0.016639
2 0.530811 0.466533 0.023087 0.048809
0 0.536739 0.484757 0.021215 0.031060
0 0.507190 0.482380 0.023087 0.035497
0 0.602925 0.519541 0.085484 0.118693