0 0.439244 0.425177 0.037442 0.058243
0 0.506523 0.459500 0.087755 0.139368
0 0.545136 0.414777 0.012871 0.037442
0 0.579068 0.419977 0.015211 0.018721
0 0.218101 0.437658 0.023401 0.033282
0 0.177734 0.439738 0.024571 0.024961
0 0.198795 0.440778 0.012871 0.035362
0 0.249108 0.443899 0.029252 0.037442
0 0.352074 0.425177 0.022231 0.024961
0 0.128006 0.445979 0.077225 0.045763
0 0.058972 0.455339 0.046803 0.043683
0 0.013690 0.459500 0.027380 0.056163
0 0.772129 0.413737 0.036272 0.064484
0 0.398877 0.423097 0.015211 0.016641
0 0.311175 0.415411 0.024496 0.013609