0 0.500239 0.446265 0.014328 0.025472
0 0.486627 0.439897 0.015761 0.022925
0 0.528894 0.446265 0.020059 0.030566
0 0.552535 0.448812 0.032954 0.066226
0 0.578325 0.451359 0.038685 0.081510
0 0.771751 0.450085 0.196291 0.252170
0 0.465136 0.446265 0.015761 0.020377
0 0.451524 0.446265 0.014328 0.020377
0 0.444360 0.447538 0.017193 0.022925
0 0.434331 0.446265 0.014328 0.025472
0 0.419286 0.451359 0.021492 0.035660
0 0.399944 0.452632 0.031521 0.043302
0 0.372721 0.456453 0.034387 0.040755
0 0.341200 0.457727 0.040118 0.048396
0 0.246636 0.459000 0.063043 0.071321
0 0.293918 0.466642 0.034387 0.050943
0 0.204369 0.452632 0.038685 0.058585
0 0.147774 0.465368 0.071639 0.058585
0 0.102641 0.465368 0.030088 0.043302
0 0.057508 0.456453 0.083101 0.061132
0 0.011561 0.464095 0.023122 0.061132
0 0.623458 0.459000 0.063043 0.112076
0 0.894971 0.546878 0.207754 0.252170
1 0.334036 0.447538 0.077370 0.089151