0 0.337449 0.411693 0.008264 0.016324
0 0.322757 0.414141 0.011937 0.017956
0 0.309902 0.413325 0.010101 0.022854
0 0.293374 0.418223 0.022956 0.029383
0 0.272255 0.421487 0.019283 0.035913
0 0.257563 0.423120 0.028465 0.039178
0 0.151967 0.445157 0.041320 0.060399
0 0.565445 0.418223 0.049584 0.029383
0 0.650840 0.430466 0.067949 0.053869
0 0.438730 0.411693 0.009182 0.016324
0 0.446535 0.416590 0.011937 0.013059
0 0.458472 0.419855 0.013773 0.019589
0 0.475918 0.421487 0.015610 0.022854
0 0.502577 0.430411 0.022037 0.042443
0 0.521387 0.433130 0.036729 0.050605
0 0.702737 0.471492 0.111106 0.101209
0 0.230475 0.430955 0.036729 0.039178
0 0.089068 0.443198 0.095496 0.089782
0 0.421008 0.413815 0.015610 0.024486
0 0.375555 0.413815 0.009182 0.021221
0 0.361323 0.416264 0.019283 0.026119