0 0.454748 0.322336 0.014622 0.017330
0 0.442563 0.327535 0.007798 0.020796
0 0.432327 0.331001 0.004874 0.017330
0 0.417705 0.328402 0.020471 0.025995
0 0.371889 0.339666 0.041917 0.062388
0 0.343620 0.353530 0.041917 0.062388
0 0.318275 0.362195 0.032169 0.076252
0 0.270022 0.375193 0.091632 0.112644
0 0.517136 0.319737 0.014622 0.008665
0 0.538094 0.322336 0.023395 0.027728
0 0.565389 0.319737 0.011698 0.019063
0 0.576599 0.323203 0.010723 0.029461
0 0.593171 0.324069 0.024370 0.031194
0 0.625827 0.317137 0.015597 0.048524
0 0.658970 0.322336 0.052640 0.069320
0 0.133549 0.522086 0.267097 0.595239