2 0.626801 0.387324 0.087733 0.081451
0 0.682853 0.392523 0.049715 0.067587
0 0.716971 0.395122 0.034118 0.048524
0 0.739392 0.393389 0.030219 0.045058
0 0.762787 0.391656 0.032169 0.034660
0 0.773510 0.386457 0.030219 0.038126
0 0.778871 0.384724 0.033143 0.041592
0 0.793981 0.389057 0.016572 0.032927
0 0.804216 0.383858 0.025345 0.032927
0 0.817376 0.388190 0.014622 0.024262
0 0.828099 0.389057 0.016572 0.022529
0 0.838335 0.388190 0.011698 0.020796
0 0.845646 0.386457 0.012673 0.020796
0 0.854419 0.384724 0.012673 0.020796
0 0.861243 0.385591 0.018521 0.025995
0 0.871478 0.382125 0.009748 0.022529
0 0.878789 0.385591 0.008773 0.015597
0 0.972858 0.395989 0.040942 0.053723
0 0.894386 0.385591 0.024370 0.025995
0 0.946051 0.398588 0.024370 0.041592
0 0.905596 0.382991 0.009748 0.024262
0 0.915832 0.383858 0.010723 0.015597
0 0.934353 0.384724 0.016572 0.024262