0 0.471456 0.449485 0.012758 0.020619
0 0.466237 0.452577 0.018557 0.022680
0 0.459858 0.464949 0.022036 0.026804
0 0.498711 0.445361 0.032474 0.024742
0 0.532345 0.436083 0.016237 0.022680
0 0.534085 0.443299 0.017397 0.020619
0 0.536985 0.452577 0.016237 0.018557
0 0.539884 0.465979 0.019716 0.024742
0 0.547423 0.473196 0.018557 0.018557
0 0.514949 0.439175 0.018557 0.024742
0 0.622229 0.529897 0.075387 0.123711
0 0.679639 0.554639 0.113660 0.177320
0 0.834240 0.614433 0.328222 0.358763
0 0.943840 0.783093 0.109021 0.342268
0 0.537565 0.520206 0.091624 0.105155
2 0.383312 0.508248 0.223840 0.138144
0 0.098003 0.564949 0.045232 0.049485
0 0.127577 0.555670 0.041753 0.063918
0 0.044072 0.576289 0.088144 0.220619
0 0.200064 0.552577 0.149613 0.152577