0 0.031681 0.668935 0.063363 0.211425
0 0.255887 0.623011 0.078959 0.105712
0 0.357267 0.610013 0.026320 0.034660
0 0.397234 0.586618 0.012673 0.015597
0 0.434764 0.577953 0.007798 0.015597
0 0.412344 0.577086 0.009748 0.010398
0 0.738904 0.610880 0.048740 0.057189
0 0.696013 0.606547 0.046791 0.055456
0 0.647760 0.596149 0.018521 0.020796
0 0.611692 0.592683 0.036068 0.027728
0 0.670180 0.592683 0.012673 0.020796
0 0.704786 0.570154 0.011698 0.010398
0 0.655071 0.573620 0.015597 0.024262
0 0.633625 0.575353 0.015597 0.013864
2 0.147196 0.604814 0.126725 0.090116
0 0.518110 0.578819 0.012673 0.013864