0 0.762852 0.643828 0.048779 0.044531
0 0.944126 0.646171 0.044824 0.039844
0 0.491270 0.615703 0.014502 0.021094
0 0.439854 0.619218 0.022412 0.028125
0 0.416123 0.616875 0.017139 0.023437
0 0.360093 0.608671 0.042187 0.030469
0 0.331089 0.608671 0.023730 0.030469
0 0.246714 0.599296 0.029004 0.025781
2 0.501817 0.611015 0.017139 0.030469
0 0.392393 0.622734 0.040869 0.049219
0 0.464243 0.626250 0.029004 0.042187
0 0.812290 0.668437 0.073828 0.079687
0 0.132676 0.636796 0.109424 0.100781
1 0.630357 0.612187 0.221484 0.276562
0 0.980381 0.650859 0.038232 0.039844