0 0.051206 0.409576 0.051483 0.019831
0 0.093250 0.411864 0.034322 0.012203
0 0.136153 0.412627 0.032606 0.013729
0 0.313103 0.411864 0.009439 0.012203
0 0.301090 0.435508 0.019735 0.028983
0 0.332838 0.426356 0.031748 0.047288
0 0.351715 0.417966 0.009439 0.012203
0 0.352144 0.442373 0.008581 0.015254
0 0.375311 0.436271 0.024025 0.027458
0 0.420359 0.434746 0.060922 0.088475
0 0.581673 0.456864 0.096960 0.108305
0 0.267197 0.408813 0.012013 0.018305
0 0.274919 0.421017 0.013729 0.018305
0 0.280068 0.405763 0.010297 0.012203
0 0.287361 0.412627 0.011155 0.016780
0 0.235020 0.424068 0.071218 0.088475