0 0.547146 0.547194 0.019802 0.032143
0 0.536815 0.546429 0.014636 0.033673
0 0.527774 0.548725 0.017219 0.035204
0 0.513999 0.544898 0.018941 0.048980
0 0.492044 0.547194 0.033578 0.053571
0 0.484726 0.552551 0.027551 0.055102
0 0.459327 0.553317 0.045631 0.071939
0 0.433498 0.562500 0.049075 0.078061
0 0.391741 0.573215 0.067156 0.090306
0 0.330182 0.589286 0.086958 0.110204
0 0.224283 0.614541 0.152392 0.160714
0 0.641853 0.540459 0.012915 0.041327
0 0.647449 0.539694 0.010332 0.042857
0 0.655628 0.539694 0.023246 0.042857
0 0.671126 0.545051 0.023246 0.050510
0 0.690498 0.544286 0.034439 0.073469
0 0.712452 0.549643 0.052519 0.081122
0 0.720632 0.557296 0.043048 0.093367
0 0.773151 0.556531 0.103316 0.137755
0 0.837724 0.587143 0.142921 0.162245
0 0.624060 0.525510 0.011193 0.018367
0 0.629656 0.533164 0.010332 0.015306
0 0.595648 0.531633 0.006027 0.012245
0 0.603970 0.535459 0.016358 0.029082
0 0.074904 0.645153 0.149809 0.231123
0 0.925686 0.630357 0.145504 0.275000
2 0.620472 0.520919 0.012054 0.024490