0 0.072081 0.541959 0.015610 0.019589
0 0.092741 0.547672 0.031220 0.031016
0 0.165740 0.550937 0.021119 0.031016
0 0.217620 0.547672 0.018365 0.021221
0 0.344244 0.563996 0.015610 0.024486
0 0.928001 0.610170 0.043157 0.057134
0 0.040708 0.545768 0.056930 0.052237
0 0.121512 0.546584 0.031220 0.027751
0 0.186706 0.549849 0.025710 0.037545
0 0.232159 0.549849 0.033974 0.037545
2 0.264865 0.545807 0.035111 0.034281
0 0.366898 0.560498 0.022037 0.024486
0 0.438979 0.562947 0.035811 0.026119
0 0.310427 0.567028 0.059685 0.076723
0 0.600981 0.574335 0.037647 0.050605
0 0.510076 0.605351 0.098250 0.138755
0 0.970240 0.611453 0.057848 0.062031
0 0.569826 0.572975 0.011019 0.022854