0 0.383164 0.528984 0.043506 0.077344
0 0.346910 0.541875 0.055371 0.098437
0 0.331748 0.552421 0.048779 0.110156
0 0.279673 0.552421 0.097559 0.124219
0 0.194639 0.519609 0.022412 0.039844
0 0.644859 0.581718 0.050098 0.084375
0 0.689949 0.583593 0.070658 0.130313
0 0.814927 0.633281 0.290039 0.262500
1 0.625742 0.544218 0.075146 0.112500
1 0.504453 0.513750 0.093603 0.135937
0 0.231553 0.606328 0.167432 0.175781
0 0.424693 0.561796 0.081738 0.133594
0 0.535435 0.555937 0.063281 0.098437
0 0.907212 0.768046 0.184570 0.363281
0 0.019866 0.736406 0.039732 0.229687