0 0.469170 0.536506 0.011931 0.012477
0 0.450572 0.539002 0.015440 0.014972
0 0.355474 0.539002 0.017546 0.022458
0 0.485663 0.536506 0.015440 0.017468
0 0.513034 0.537130 0.015440 0.016220
0 0.530229 0.535882 0.018949 0.023706
0 0.576900 0.542121 0.012633 0.018715
0 0.585322 0.536506 0.011229 0.019963
0 0.680770 0.555846 0.014037 0.041174
0 0.340034 0.534635 0.009124 0.013725
0 0.327752 0.534635 0.014037 0.018715
0 0.315821 0.535259 0.009826 0.009982
0 0.301434 0.538378 0.009124 0.021211
0 0.286345 0.539626 0.009826 0.021211
0 0.279326 0.543992 0.012633 0.027449
0 0.555144 0.548983 0.036495 0.047412
0 0.630239 0.583295 0.108081 0.173429
2 0.364578 0.528562 0.038992 0.020796