0 0.530295 0.512966 0.017547 0.034660
0 0.542481 0.509500 0.016572 0.034660
0 0.557103 0.505167 0.018521 0.043325
0 0.601456 0.499102 0.017547 0.020796
0 0.615104 0.516432 0.009748 0.027728
0 0.717946 0.516432 0.016572 0.027728
0 0.731106 0.510366 0.013647 0.019063
0 0.803242 0.534628 0.042892 0.050257
0 0.770098 0.519898 0.038992 0.034660
0 0.622902 0.506900 0.013647 0.019063
0 0.580498 0.485238 0.028269 0.034660
0 0.504463 0.514699 0.014622 0.031194
0 0.456210 0.531162 0.035093 0.074519
0 0.487404 0.516432 0.017547 0.027728
0 0.521035 0.515565 0.022421 0.039859
0 0.582935 0.542426 0.070186 0.072786
0 0.428428 0.546759 0.063363 0.088383
0 0.980657 0.515565 0.035093 0.022529
0 0.937278 0.512099 0.012673 0.019063