2 0.494562 0.426426 0.030422 0.037442
0 0.515623 0.443067 0.011701 0.012481
0 0.523814 0.457627 0.014041 0.016641
0 0.539610 0.466988 0.031592 0.043683
0 0.471160 0.436826 0.016381 0.012481
0 0.450099 0.463868 0.021061 0.037442
0 0.434888 0.461788 0.014041 0.024961
0 0.393936 0.457627 0.016381 0.033282
0 0.416167 0.442027 0.028082 0.014561
0 0.359419 0.433706 0.029252 0.018721
0 0.309691 0.436826 0.018721 0.016641
0 0.260548 0.433706 0.016381 0.014561
0 0.209065 0.427466 0.016381 0.014561
0 0.232466 0.428506 0.011701 0.016641
0 0.224276 0.451387 0.014041 0.020801
0 0.245337 0.452427 0.023401 0.018721
0 0.347133 0.482589 0.074884 0.099846
0 0.485201 0.490909 0.072544 0.095686
0 0.596358 0.478429 0.074884 0.083205
0 0.412072 0.471148 0.031592 0.047843
0 0.187418 0.376503 0.012871 0.012481
0 0.204384 0.378583 0.011701 0.012481