0 0.093723 0.497368 0.051957 0.042632
0 0.136687 0.498257 0.031974 0.040855
0 0.298554 0.511579 0.011990 0.031974
0 0.324533 0.503586 0.013988 0.030197
0 0.309046 0.507138 0.014988 0.030197
0 0.405466 0.515132 0.025979 0.049737
0 0.555843 0.530230 0.024979 0.030197
0 0.598308 0.534671 0.027977 0.028421
0 0.614794 0.534671 0.024979 0.024868
0 0.646268 0.538224 0.013988 0.031974
0 0.698725 0.542664 0.036970 0.044408
0 0.675744 0.532895 0.018984 0.049737
0 0.738192 0.544441 0.049959 0.040855
0 0.780657 0.543553 0.028976 0.049737
0 0.814630 0.539112 0.046961 0.047961
0 0.854097 0.549770 0.035970 0.040855
0 0.877078 0.544441 0.023980 0.037303
0 0.975997 0.570197 0.047961 0.060395
0 0.984989 0.587072 0.029975 0.069276
0 0.428947 0.511579 0.040966 0.042632
0 0.423451 0.532895 0.033972 0.063947
0 0.899560 0.549770 0.042965 0.047961
0 0.161167 0.527566 0.064947 0.063947
0 0.223616 0.518684 0.047961 0.053289
0 0.277572 0.511579 0.039967 0.049737
0 0.458922 0.538224 0.052956 0.078158
0 0.528365 0.525789 0.031974 0.049737
0 0.351511 0.513355 0.029975 0.028421