0 0.491929 0.571875 0.015820 0.023437
0 0.496543 0.590625 0.014502 0.028125
0 0.480723 0.578906 0.009229 0.032812
0 0.452378 0.588281 0.013184 0.028125
0 0.466880 0.601171 0.026367 0.039844
0 0.390415 0.630703 0.116016 0.149531
2 0.518955 0.587109 0.022412 0.058594
0 0.541367 0.595312 0.019775 0.037500
0 0.562461 0.590625 0.017139 0.018750
0 0.611900 0.601171 0.015820 0.030469
0 0.623106 0.603515 0.017139 0.039844
0 0.652110 0.608203 0.048779 0.058594
0 0.573008 0.614062 0.051416 0.065625
2 0.795811 0.598828 0.183252 0.199219