0 0.388438 0.416484 0.032959 0.039844
0 0.359434 0.418828 0.027686 0.053906
0 0.296812 0.437578 0.039551 0.044531
0 0.251988 0.441093 0.042187 0.046875
0 0.220347 0.446953 0.034277 0.053906
0 0.188047 0.437578 0.030322 0.053906
0 0.125425 0.473906 0.118652 0.112500
0 0.429966 0.424687 0.018457 0.023437
0 0.547959 0.418828 0.025049 0.030469
0 0.561143 0.428203 0.009229 0.030469
0 0.574326 0.415312 0.027686 0.060937
0 0.631675 0.420000 0.018457 0.023437
0 0.648814 0.418828 0.015820 0.035156
0 0.668589 0.410625 0.029004 0.046875
0 0.697593 0.407109 0.063281 0.049219
0 0.718687 0.414140 0.039551 0.039844
0 0.775376 0.398906 0.058008 0.051562
0 0.797129 0.410625 0.077783 0.056250
0 0.847227 0.400078 0.038232 0.039844
0 0.874912 0.389531 0.022412 0.051562
0 0.916440 0.390703 0.076465 0.072656
2 0.102354 0.421172 0.148975 0.232031
0 0.965220 0.397734 0.068555 0.058594
0 0.945444 0.499687 0.108105 0.206250
0 0.598716 0.417656 0.039551 0.056250
0 0.489951 0.456328 0.098877 0.157031