0 0.385898 0.458175 0.019194 0.036256
0 0.358306 0.463507 0.016795 0.021327
0 0.343311 0.462440 0.010797 0.019194
0 0.333114 0.457109 0.014396 0.025592
0 0.324716 0.462440 0.016795 0.027725
0 0.310920 0.467772 0.015595 0.029858
0 0.298324 0.469905 0.016795 0.034123
0 0.275531 0.473104 0.038389 0.053317
0 0.224380 0.486998 0.068711 0.085246
0 0.132604 0.513379 0.125100 0.133867
0 0.037005 0.537766 0.074009 0.221030
0 0.416489 0.457109 0.013196 0.017062
0 0.428485 0.460308 0.013196 0.023460
0 0.442281 0.462440 0.019194 0.027725
0 0.455477 0.468839 0.023993 0.027725
0 0.473472 0.477369 0.023993 0.036256
0 0.493866 0.486966 0.026392 0.051185
0 0.510661 0.496564 0.031191 0.057583
0 0.550849 0.513625 0.056383 0.078910
0 0.578441 0.529620 0.065980 0.102370
0 0.680410 0.548815 0.169150 0.217535
0 0.800975 0.598933 0.119964 0.292180