0 0.492536 0.711248 0.021853 0.041277
0 0.013316 0.744200 0.025950 0.055845
0 0.044729 0.733274 0.053266 0.043705
0 0.122579 0.729632 0.025950 0.026709
0 0.157407 0.725990 0.027316 0.029137
0 0.240036 0.718706 0.017755 0.019424
0 0.214769 0.723562 0.021853 0.019424
0 0.980291 0.676215 0.020487 0.026709
0 0.954341 0.683499 0.015024 0.021853
0 0.934367 0.684192 0.020487 0.021853
0 0.917294 0.686621 0.016389 0.012140
0 0.898856 0.684192 0.015024 0.016996
0 0.882467 0.690263 0.012292 0.019424
0 0.868809 0.689049 0.012292 0.016996
0 0.305602 0.715726 0.039967 0.027728
0 0.268072 0.713993 0.027295 0.020796