0 0.615086 0.440056 0.008773 0.025995
0 0.602901 0.440923 0.019496 0.038126
0 0.589741 0.448721 0.012673 0.039859
0 0.579993 0.451321 0.016572 0.045058
0 0.560985 0.450454 0.031194 0.057189
0 0.548799 0.456520 0.032169 0.055456
0 0.514681 0.455653 0.055564 0.067587
0 0.488361 0.473849 0.049715 0.076252
0 0.419637 0.479915 0.101380 0.119576
2 0.759358 0.396731 0.061413 0.060655
0 0.770081 0.450454 0.051665 0.088383
0 0.728164 0.460852 0.049715 0.081451
0 0.660902 0.480781 0.112103 0.152503
0 0.819813 0.438447 0.021446 0.034660