0 0.174227 0.479788 0.079061 0.095437
0 0.118103 0.492802 0.111271 0.104113
0 0.044411 0.483258 0.086869 0.171787
0 0.428002 0.459833 0.008785 0.013882
0 0.421170 0.459833 0.008785 0.013882
0 0.407993 0.458965 0.013665 0.019087
0 0.358214 0.465906 0.025378 0.036440
0 0.346989 0.470244 0.028306 0.031234
0 0.489494 0.471979 0.024401 0.034704
0 0.515360 0.466773 0.017569 0.024293
0 0.527560 0.485861 0.036114 0.048586
0 0.627118 0.483258 0.059540 0.060733
0 0.654936 0.494537 0.064420 0.055527
0 0.729605 0.518830 0.106391 0.097172