0 0.293459 0.584630 0.012474 0.024949
0 0.245121 0.579086 0.009356 0.013860
0 0.256425 0.583937 0.013254 0.020791
0 0.160529 0.583937 0.010135 0.012474
0 0.187427 0.579779 0.017152 0.012474
0 0.378050 0.585323 0.024169 0.042967
0 0.512929 0.576314 0.047558 0.041581
0 0.557758 0.592946 0.057694 0.066530
0 0.740585 0.580472 0.108371 0.083162
0 0.277039 0.588174 0.018711 0.031879
1 0.268295 0.572235 0.014813 0.030493
0 0.022922 0.584630 0.045219 0.047125
0 0.335442 0.611935 0.087320 0.133059
0 0.435237 0.594610 0.063931 0.090092