0 0.977245 0.532895 0.043866 0.057189
0 0.711122 0.551091 0.024370 0.038126
0 0.659945 0.544159 0.023395 0.024262
0 0.633138 0.544159 0.016572 0.024262
0 0.613642 0.545026 0.022421 0.019063
0 0.596095 0.544159 0.010723 0.013864
0 0.589759 0.541560 0.009748 0.019063
0 0.579523 0.540693 0.008773 0.017330
0 0.558565 0.544159 0.009748 0.017330
0 0.548329 0.542426 0.008773 0.013864
0 0.084808 0.597016 0.048740 0.032927
0 0.152070 0.597016 0.066287 0.043325
0 0.111615 0.580552 0.059463 0.027728
0 0.249551 0.583152 0.035093 0.029461
0 0.280257 0.572754 0.028269 0.029461
0 0.300241 0.572754 0.011698 0.025995
0 0.331435 0.568421 0.017547 0.020796
0 0.313401 0.568421 0.012673 0.020796
0 0.398209 0.558890 0.026320 0.036393
0 0.419167 0.558023 0.015597 0.027728
0 0.445975 0.550225 0.014622 0.022529
0 0.457185 0.545892 0.007798 0.017330
0 0.473757 0.548492 0.011698 0.012131
0 0.512262 0.545026 0.008773 0.012131
0 0.900722 0.519031 0.017547 0.019063