0 0.632163 0.509500 0.016572 0.041592
0 0.644348 0.516432 0.021446 0.058922
0 0.670180 0.526829 0.049715 0.072786
0 0.702836 0.532895 0.037043 0.088383
0 0.738904 0.538094 0.077985 0.109178
0 0.794956 0.545026 0.166692 0.129974
0 0.856369 0.569288 0.184239 0.168100
0 0.893899 0.589217 0.208609 0.180231
0 0.928992 0.656804 0.138423 0.187163
0 0.167667 0.553691 0.335334 0.299808
2 0.337284 0.473107 0.173516 0.145571
0 0.301216 0.507767 0.087733 0.114377
0 0.342158 0.503434 0.044841 0.081451
0 0.430865 0.500835 0.031194 0.045058
0 0.460109 0.493036 0.035093 0.050257
0 0.484967 0.495636 0.014622 0.031194
0 0.509825 0.497369 0.037043 0.038126
0 0.537607 0.493903 0.018521 0.045058
0 0.589271 0.534628 0.090657 0.123042