0 0.727256 0.546562 0.035596 0.028125
0 0.652110 0.525468 0.025049 0.028125
0 0.627720 0.526640 0.026367 0.035156
0 0.604649 0.503203 0.019775 0.021094
0 0.580918 0.495000 0.014502 0.018750
0 0.565757 0.495000 0.015820 0.018750
0 0.551255 0.497343 0.010547 0.018750
0 0.428648 0.533672 0.015820 0.025781
0 0.447764 0.537187 0.025049 0.037500
0 0.292198 0.533672 0.030322 0.025781
0 0.309336 0.534843 0.014502 0.018750
0 0.061485 0.523125 0.072510 0.079687
0 0.124107 0.525468 0.102832 0.065625
0 0.410850 0.537187 0.019775 0.032812
0 0.476109 0.545390 0.039551 0.058594
0 0.359434 0.547734 0.083057 0.114844
0 0.184751 0.564140 0.134473 0.128906