0 0.020471 0.570154 0.040942 0.218357
0 0.220662 0.478236 0.094292 0.103840
0 0.932076 0.622144 0.134842 0.370860
0 0.600303 0.486104 0.171924 0.202760
0 0.756938 0.494769 0.137448 0.147304
0 0.488379 0.464442 0.083833 0.114377
2 0.450361 0.403787 0.085783 0.176765
0 0.405033 0.456643 0.008773 0.039859
1 0.391385 0.433248 0.039967 0.083184
0 0.368965 0.458376 0.012673 0.032927
0 0.352393 0.447978 0.022421 0.036393
0 0.283182 0.460109 0.045816 0.057189
0 0.318762 0.453177 0.023395 0.036393
0 0.129649 0.441046 0.054589 0.046791
0 0.176440 0.438447 0.029244 0.038126