0 0.502376 0.490561 0.011193 0.013776
0 0.494627 0.508929 0.012915 0.013776
0 0.479991 0.518112 0.009471 0.019898
0 0.471381 0.524235 0.012915 0.022959
0 0.459758 0.538010 0.010332 0.016837
0 0.449426 0.535715 0.010332 0.024490
0 0.434790 0.539541 0.013776 0.029082
0 0.415418 0.544133 0.023246 0.035204
0 0.389158 0.549490 0.027551 0.039796
0 0.507111 0.503572 0.010332 0.015306
0 0.507542 0.526531 0.012915 0.018367
0 0.532510 0.531888 0.011193 0.019898
0 0.544994 0.535715 0.017219 0.033673
0 0.348693 0.554847 0.055102 0.065816
0 0.487739 0.534184 0.016358 0.018367
0 0.561352 0.541072 0.032717 0.047449
0 0.957398 0.713113 0.082653 0.286225