0 0.532870 0.405358 0.010058 0.019669
0 0.544437 0.408934 0.017099 0.030397
0 0.556506 0.415192 0.025145 0.050066
0 0.566564 0.425921 0.035203 0.057219
0 0.598247 0.434861 0.052301 0.082252
0 0.621883 0.459894 0.045261 0.118013
0 0.672173 0.472411 0.103597 0.178808
0 0.834075 0.530234 0.330845 0.356406
0 0.946724 0.711165 0.105547 0.380769
0 0.096043 0.587645 0.191724 0.377478
0 0.258791 0.393735 0.031180 0.039338
0 0.292485 0.388371 0.034197 0.035762
0 0.488112 0.406252 0.011064 0.021457
0 0.477048 0.409828 0.011064 0.032185
0 0.467493 0.412510 0.018104 0.041126
0 0.452909 0.420556 0.027156 0.046490
0 0.434302 0.426815 0.022127 0.066159
0 0.380995 0.432179 0.106614 0.126954
0 0.279410 0.478669 0.158916 0.148411