0 0.478030 0.490780 0.012803 0.019916
0 0.464427 0.495048 0.019204 0.034141
0 0.515639 0.485801 0.012803 0.024183
0 0.498035 0.497893 0.033608 0.051212
0 0.537644 0.485801 0.029607 0.041254
0 0.554448 0.490780 0.018404 0.036986
0 0.572852 0.496470 0.036008 0.048367
0 0.385609 0.502872 0.031207 0.044099
0 0.333997 0.497181 0.073617 0.061170
2 0.428819 0.499315 0.058413 0.088198
0 0.283585 0.504294 0.028807 0.032719
0 0.261980 0.498604 0.014403 0.024183
2 0.228773 0.493625 0.050412 0.059747
0 0.065135 0.519942 0.110425 0.075395
0 0.818007 0.531278 0.163238 0.170706
0 0.923231 0.538391 0.151235 0.301581