0 0.206697 0.482642 0.073446 0.041969
0 0.261125 0.472150 0.040657 0.034974
0 0.414443 0.468653 0.020984 0.027979
0 0.424935 0.476813 0.013115 0.020984
0 0.492479 0.469819 0.019673 0.020984
0 0.496414 0.488472 0.027542 0.039637
0 0.512808 0.496632 0.031477 0.041969
0 0.523956 0.508290 0.027542 0.055959
0 0.071478 0.495466 0.106234 0.067617
0 0.201975 0.514119 0.052461 0.053627
0 0.385196 0.488472 0.053773 0.076943
0 0.459953 0.523446 0.080003 0.118912
0 0.560678 0.509456 0.069511 0.095596
0 0.687241 0.537435 0.167876 0.202850