0 0.798368 0.406387 0.068237 0.057189
2 0.391873 0.444512 0.031194 0.060655
0 0.363603 0.460109 0.013647 0.029461
0 0.354830 0.460109 0.013647 0.036393
0 0.273434 0.467041 0.043866 0.057189
0 0.194474 0.477439 0.073111 0.091849
0 0.148658 0.485238 0.049715 0.090116
0 0.319737 0.476573 0.074085 0.093582
0 0.069211 0.512748 0.138423 0.343567
0 0.500564 0.429782 0.073111 0.034660
0 0.485454 0.553691 0.167667 0.237420
0 0.778384 0.499102 0.149146 0.152503
0 0.902185 0.543293 0.193987 0.199294
2 0.318095 0.419276 0.045219 0.034651