0 0.464983 0.473973 0.009748 0.012131
0 0.476681 0.474840 0.009748 0.013864
0 0.485942 0.473973 0.010723 0.015597
0 0.440613 0.474840 0.009748 0.027728
0 0.429890 0.473973 0.013647 0.029461
0 0.417705 0.475706 0.014622 0.029461
0 0.400646 0.476573 0.029244 0.038126
0 0.379200 0.484371 0.017547 0.046791
0 0.366528 0.480905 0.021446 0.057189
0 0.339233 0.483505 0.050690 0.072786
0 0.174003 0.542426 0.133549 0.149037
0 0.710148 0.569288 0.166692 0.227022
0 0.312913 0.498235 0.064337 0.077985
0 0.505925 0.473973 0.029244 0.039859
0 0.570263 0.499968 0.068237 0.091849
0 0.452798 0.471374 0.018521 0.031194
0 0.071648 0.584018 0.143297 0.221823
0 0.870991 0.553691 0.256374 0.629076