0 0.123568 0.417909 0.024615 0.021880
0 0.197413 0.420097 0.088614 0.056888
0 0.289104 0.406969 0.018461 0.017504
0 0.320488 0.415721 0.044307 0.026256
0 0.361718 0.411345 0.043076 0.021880
0 0.418333 0.423379 0.030769 0.050324
0 0.383872 0.448541 0.065230 0.083144
0 0.439871 0.417909 0.027077 0.039384
0 0.454640 0.412439 0.014769 0.028444
0 0.522947 0.409157 0.025846 0.035008
0 0.561100 0.398217 0.025846 0.035008
0 0.646638 0.444165 0.123075 0.144408
0 0.730944 0.487925 0.190767 0.192544
0 0.541408 0.419003 0.038153 0.059076
0 0.077784 0.444165 0.155567 0.140032
0 0.891681 0.595137 0.215382 0.463857