0 0.380471 0.394883 0.016737 0.024654
0 0.623633 0.422938 0.038256 0.055258
0 0.707796 0.428463 0.024866 0.054408
0 0.819019 0.408884 0.030605 0.024654
0 0.874968 0.441189 0.128156 0.118167
0 0.777655 0.442464 0.077946 0.078212
0 0.093009 0.384682 0.065035 0.043356
0 0.014346 0.375756 0.026301 0.030605
0 0.339519 0.392333 0.032039 0.036555
0 0.416509 0.402535 0.078902 0.051858
0 0.530319 0.480321 0.142981 0.200630
0 0.665409 0.427188 0.065991 0.090963
0 0.914789 0.516026 0.167847 0.219332
0 0.474678 0.397025 0.018171 0.027204