0 0.428069 0.578705 0.012621 0.020568
0 0.438587 0.576835 0.010518 0.020568
0 0.414396 0.577770 0.014725 0.029917
0 0.405456 0.579640 0.015776 0.033657
0 0.396516 0.578705 0.014725 0.028047
0 0.385472 0.580575 0.015776 0.028047
0 0.370748 0.582445 0.024191 0.039266
0 0.357601 0.584315 0.025242 0.039266
0 0.349186 0.590859 0.025242 0.041136
0 0.318685 0.589924 0.046278 0.061704
0 0.147458 0.603013 0.094659 0.121537
0 0.054637 0.621577 0.107772 0.131420
0 0.515050 0.565617 0.019984 0.031787
0 0.521887 0.575901 0.016828 0.026177
1 0.554491 0.564682 0.050485 0.093490
0 0.624749 0.599273 0.086245 0.125277
0 0.697321 0.623581 0.130419 0.140236
0 0.877849 0.628789 0.242958 0.362743
0 0.255053 0.582912 0.085193 0.087881