0 0.481604 0.486711 0.034372 0.041211
0 0.456025 0.489553 0.032773 0.058263
0 0.436841 0.498790 0.039168 0.071053
0 0.409663 0.514421 0.064747 0.099474
0 0.336523 0.512290 0.116704 0.152053
0 0.551546 0.485290 0.015987 0.041211
0 0.563936 0.485290 0.016786 0.044053
0 0.587117 0.485290 0.037569 0.066789
0 0.602704 0.501632 0.049559 0.079579
0 0.609099 0.506605 0.025579 0.049737
0 0.687834 0.510158 0.141484 0.181895
0 0.781757 0.551369 0.199836 0.224526
0 0.912050 0.598974 0.172658 0.387947
0 0.539515 0.478876 0.007796 0.018018
0 0.533278 0.474024 0.007796 0.016632