0 0.605692 0.529847 0.016358 0.010714
0 0.641853 0.529082 0.011193 0.012245
0 0.715035 0.526021 0.011193 0.006122
0 0.702982 0.529082 0.012915 0.009184
0 0.692220 0.541327 0.012054 0.018367
0 0.657350 0.548215 0.018080 0.029082
0 0.625925 0.535970 0.012054 0.007653
0 0.639701 0.553572 0.018941 0.033673
0 0.607414 0.540561 0.016358 0.010714
0 0.620329 0.558929 0.019802 0.035204
2 0.410396 0.527806 0.058546 0.075000
2 0.580581 0.524745 0.025829 0.026020
2 0.572832 0.528572 0.017219 0.015306
0 0.494771 0.536480 0.013776 0.016837
0 0.508116 0.547194 0.021524 0.029082
0 0.564509 0.532653 0.013776 0.015306
0 0.548581 0.544133 0.014636 0.013776
0 0.563218 0.547959 0.012915 0.018367
0 0.604114 0.562500 0.017219 0.038265
0 0.583881 0.565561 0.033578 0.053571
0 0.562787 0.578572 0.027551 0.055102
0 0.484009 0.574745 0.030134 0.053571
0 0.443973 0.588266 0.063712 0.082653
0 0.291725 0.524745 0.105899 0.044388
0 0.364047 0.595153 0.112787 0.151531
0 0.169468 0.548980 0.073182 0.055102
0 0.085666 0.618623 0.171333 0.163776
0 0.030564 0.739796 0.061129 0.279592
0 0.246081 0.627364 0.189413 0.188265
0 0.526914 0.595987 0.065434 0.107143
0 0.681027 0.547007 0.020663 0.027551
0 0.465785 0.532653 0.030134 0.024490