0 0.472646 0.461041 0.017121 0.023276
0 0.455524 0.455670 0.009064 0.016114
0 0.441928 0.454775 0.012086 0.014324
0 0.417757 0.464622 0.038271 0.048342
0 0.511924 0.469993 0.049349 0.076989
0 0.300930 0.461936 0.020143 0.042971
0 0.254602 0.454775 0.076542 0.096684
0 0.397614 0.449403 0.012086 0.010743
0 0.384522 0.450299 0.008057 0.012533
0 0.373947 0.452089 0.011078 0.008952
0 0.360854 0.450299 0.013093 0.012533
0 0.345244 0.450299 0.012086 0.008952
0 0.332151 0.450299 0.010071 0.008952
0 0.320066 0.445822 0.010071 0.010743
0 0.112597 0.444927 0.052371 0.023276
0 0.064758 0.442241 0.041292 0.035809
0 0.035048 0.443137 0.032228 0.023276