0 0.602919 0.558023 0.010723 0.024262
0 0.617541 0.564089 0.016572 0.022529
0 0.540044 0.560623 0.011698 0.029461
0 0.529321 0.562356 0.009748 0.025995
0 0.383099 0.597016 0.029244 0.091849
0 0.212996 0.573620 0.084808 0.079718
0 0.860755 0.627343 0.083833 0.124775
0 0.514211 0.577086 0.034118 0.058922
0 0.019984 0.600482 0.038018 0.067587
0 0.975490 0.628210 0.046206 0.050257
0 0.012185 0.558023 0.020471 0.020796
0 0.043379 0.592683 0.016572 0.027728
0 0.018521 0.813640 0.035093 0.247818
0 0.316325 0.592683 0.143297 0.218357
0 0.773510 0.622144 0.180339 0.207959
1 0.678954 0.534628 0.106254 0.213158
0 0.571237 0.587484 0.062388 0.097048