0 0.231770 0.642483 0.012614 0.015698
0 0.240600 0.639119 0.012614 0.013455
0 0.238708 0.648089 0.016398 0.013455
0 0.250691 0.653696 0.012614 0.020183
0 0.238077 0.659302 0.015137 0.017940
0 0.277181 0.663787 0.017660 0.026910
0 0.289165 0.666029 0.026490 0.031395
0 0.307455 0.667151 0.032797 0.047093
0 0.190774 0.659302 0.021444 0.022425
0 0.170591 0.664908 0.021444 0.033638
0 0.152931 0.666029 0.023967 0.031395
0 0.095537 0.679485 0.025228 0.053821
0 0.084184 0.685091 0.025228 0.051578
0 0.017494 0.691818 0.034989 0.074003
0 0.051387 0.692940 0.068117 0.080731
0 0.124549 0.680606 0.042888 0.056063
0 0.595059 0.668272 0.073162 0.071761
0 0.723093 0.649211 0.039104 0.056063
0 0.544602 0.660423 0.022706 0.033638