0 0.091998 0.408188 0.183996 0.151078
0 0.895813 0.519071 0.207386 0.336807
0 0.669326 0.406802 0.089659 0.103953
0 0.495855 0.370765 0.023389 0.037423
0 0.431534 0.371458 0.021050 0.024949
0 0.222589 0.395713 0.080303 0.123357
0 0.266639 0.367300 0.029627 0.041581
0 0.302502 0.388090 0.074846 0.083162
0 0.365654 0.376309 0.040542 0.054055
0 0.341485 0.386011 0.015593 0.056827
0 0.395670 0.374230 0.027288 0.047125
0 0.607344 0.383239 0.053016 0.067916
0 0.580056 0.390169 0.024949 0.054055
0 0.562514 0.379774 0.022610 0.055441
0 0.543413 0.378388 0.017152 0.033265
0 0.533278 0.375616 0.007796 0.027721
0 0.526261 0.371458 0.018711 0.024949
0 0.514566 0.365914 0.015593 0.019405
0 0.476753 0.367300 0.022610 0.024949
0 0.451415 0.368686 0.014034 0.027721