0 0.257699 0.438912 0.034304 0.024025
0 0.242886 0.448614 0.025468 0.030493
0 0.221575 0.449076 0.025468 0.044353
0 0.204423 0.448614 0.038982 0.043429
0 0.184152 0.450924 0.033785 0.040657
0 0.148549 0.453234 0.047818 0.048973
0 0.077861 0.458316 0.098755 0.060986
0 0.023597 0.451386 0.047195 0.039733
0 0.019439 0.495277 0.038878 0.048049
0 0.442475 0.437064 0.010915 0.027721
0 0.432080 0.437064 0.014034 0.031417
0 0.503521 0.426900 0.007277 0.013860
0 0.496764 0.428286 0.009356 0.012936
0 0.486109 0.429210 0.011955 0.014784
0 0.540165 0.425513 0.010915 0.012936
0 0.520674 0.423665 0.027028 0.014784
0 0.559916 0.424127 0.006757 0.015708
0 0.564854 0.423665 0.007277 0.016632
0 0.571351 0.429672 0.011955 0.023101
0 0.585904 0.433830 0.019231 0.027721
0 0.602536 0.434292 0.029627 0.036037
0 0.613192 0.439374 0.025988 0.033265
0 0.628265 0.443532 0.040542 0.037885
0 0.668287 0.447690 0.055095 0.081314
0 0.687258 0.465709 0.056654 0.072998
0 0.716365 0.457854 0.056654 0.094251
0 0.519634 0.488347 0.085241 0.120123
0 0.402427 0.462012 0.064971 0.089630
0 0.281062 0.535934 0.180878 0.198665
0 0.089789 0.513296 0.158528 0.142300
0 0.836791 0.582399 0.324853 0.366838
1 0.460742 0.421375 0.034387 0.071321