0 0.558776 0.484224 0.012292 0.019424
0 0.573117 0.478154 0.021853 0.055845
0 0.577214 0.480582 0.016389 0.055845
0 0.590872 0.481796 0.019121 0.063130
0 0.601798 0.486652 0.024584 0.072842
0 0.633894 0.493937 0.042339 0.097122
0 0.693989 0.491509 0.088776 0.150540
0 0.448831 0.489081 0.021853 0.024281
0 0.525314 0.485438 0.008195 0.026709
0 0.344348 0.501221 0.034145 0.053417
0 0.319081 0.504863 0.038242 0.060701
0 0.283571 0.498793 0.054631 0.087410
0 0.224842 0.509719 0.073752 0.099550
0 0.129237 0.520645 0.125652 0.121403
0 0.392833 0.486652 0.073752 0.082554
0 0.033206 0.531572 0.066411 0.182104
0 0.859249 0.480582 0.277254 0.342356
0 0.538972 0.480582 0.021853 0.031565
0 0.506193 0.485438 0.040974 0.055845