0 0.384472 0.548454 0.010438 0.016495
0 0.371714 0.542268 0.017397 0.028866
0 0.347938 0.542268 0.018557 0.012371
0 0.338080 0.548454 0.019716 0.016495
0 0.320683 0.552577 0.022036 0.024742
0 0.296907 0.550516 0.027835 0.028866
0 0.219201 0.547423 0.027835 0.035052
0 0.216881 0.556701 0.023196 0.032990
1 0.172809 0.541237 0.048711 0.047423
0 0.193106 0.560825 0.049871 0.037113
0 0.150773 0.556701 0.037113 0.037113
0 0.439562 0.552165 0.020876 0.028866
0 0.473196 0.549072 0.018557 0.026804
0 0.461018 0.558351 0.024356 0.032990
0 0.495812 0.568660 0.035954 0.065979
0 0.409704 0.564143 0.045999 0.077565
0 0.262693 0.566598 0.070747 0.082474
0 0.092784 0.620206 0.185567 0.235052
0 0.525387 0.556701 0.020876 0.032990
0 0.725799 0.581443 0.044072 0.070103