0 0.386269 0.495961 0.031592 0.120647
0 0.340490 0.462828 0.011701 0.027042
0 0.349266 0.463868 0.008190 0.020801
0 0.356871 0.460748 0.007020 0.018721
0 0.332885 0.479469 0.029252 0.081125
0 0.138762 0.513791 0.099239 0.116487
0 0.601416 0.455547 0.042123 0.058243
0 0.638273 0.449307 0.047973 0.066564
0 0.700287 0.443067 0.033932 0.079045
0 0.828878 0.436826 0.084245 0.099846
0 0.917218 0.435786 0.106476 0.110247
0 0.939449 0.378583 0.071374 0.049923
0 0.960511 0.421641 0.076055 0.141032
0 0.490917 0.536264 0.222460 0.338542
0 0.049155 0.508050 0.096848 0.125592
2 0.254051 0.494921 0.148599 0.185131