0 0.331435 0.424583 0.011698 0.024262
0 0.353855 0.424583 0.005849 0.020796
0 0.364578 0.415052 0.015597 0.036393
0 0.367503 0.428049 0.009748 0.020796
0 0.375301 0.427182 0.009748 0.029461
0 0.383587 0.428915 0.010723 0.022529
0 0.391385 0.413319 0.014622 0.015597
0 0.397234 0.428049 0.020471 0.031194
0 0.415756 0.427182 0.028269 0.039859
0 0.436714 0.410719 0.019496 0.013864
0 0.445487 0.430648 0.037043 0.039859
0 0.504463 0.424583 0.038018 0.045058
0 0.533220 0.423716 0.029244 0.046791
0 0.568800 0.423716 0.034118 0.064121
0 0.340208 0.411586 0.013647 0.015597
0 0.070186 0.447112 0.052640 0.055456
0 0.308527 0.447978 0.053614 0.077985
1 0.790569 0.320603 0.411369 0.641207