0 0.349281 0.364528 0.056134 0.085934
0 0.303984 0.349836 0.014813 0.049897
0 0.298136 0.351222 0.021830 0.047125
0 0.283323 0.353994 0.024949 0.052669
0 0.273188 0.360231 0.021830 0.051283
0 0.238104 0.378942 0.070168 0.088706
0 0.059838 0.496894 0.117726 0.282751
0 0.385145 0.336114 0.006237 0.023563
0 0.392552 0.333342 0.010135 0.029107
0 0.398789 0.343044 0.016373 0.051283
0 0.408924 0.344430 0.014813 0.059600
0 0.428805 0.337500 0.032745 0.081776
0 0.445178 0.358290 0.034304 0.070688
0 0.452974 0.372844 0.031186 0.094250
0 0.462720 0.374230 0.039762 0.099795
0 0.558157 0.377101 0.183996 0.256417
0 0.761254 0.479866 0.390602 0.386704