0 0.521712 0.495624 0.010520 0.027204
0 0.502584 0.495624 0.031561 0.047607
0 0.481543 0.504975 0.027735 0.049307
0 0.452374 0.509226 0.042081 0.061209
0 0.446157 0.520277 0.031561 0.059509
0 0.302698 0.559383 0.134851 0.178527
0 0.578139 0.492223 0.010520 0.020403
0 0.588181 0.493923 0.011477 0.027204
0 0.594876 0.498174 0.011477 0.028904
0 0.605396 0.495624 0.013389 0.037406
0 0.616873 0.500724 0.011477 0.044207
0 0.636479 0.502425 0.027735 0.057809
0 0.657520 0.505825 0.025823 0.074811
0 0.689081 0.512626 0.054514 0.112217
0 0.557577 0.497324 0.015302 0.020403
0 0.749333 0.523678 0.117636 0.147922
0 0.414835 0.527078 0.075555 0.100315
0 0.166890 0.643546 0.263008 0.282242