0 0.486917 0.156836 0.041917 0.057189
0 0.465958 0.112644 0.017547 0.024262
2 0.167667 0.108312 0.099430 0.109178
2 0.278795 0.125642 0.031194 0.050257
2 0.319737 0.129974 0.023395 0.038126
0 0.253937 0.136040 0.018521 0.025995
0 0.828099 0.152503 0.086758 0.062388
0 0.769611 0.155103 0.055564 0.074519
0 0.721358 0.155969 0.042892 0.055456
0 0.662382 0.139506 0.036068 0.046791
0 0.653609 0.123909 0.036068 0.043325
0 0.627776 0.135173 0.019496 0.027728
0 0.620465 0.125642 0.030219 0.032927
0 0.553203 0.118710 0.018521 0.025995
0 0.538094 0.117843 0.011698 0.020796
0 0.531270 0.113511 0.009748 0.019063
0 0.519573 0.107445 0.009748 0.020796