0 0.561841 0.572034 0.012871 0.012481
0 0.553650 0.570994 0.010531 0.010401
0 0.546630 0.576195 0.010531 0.016641
0 0.534929 0.578275 0.012871 0.016641
0 0.520888 0.578275 0.008190 0.016641
0 0.491052 0.584515 0.009361 0.012481
0 0.493977 0.596996 0.012871 0.012481
0 0.426698 0.595956 0.016381 0.014561
0 0.327827 0.603236 0.019891 0.016641
0 0.289215 0.613637 0.010531 0.016641
0 0.265228 0.617797 0.035102 0.020801
0 0.555405 0.588675 0.016381 0.020801
0 0.517378 0.596996 0.022231 0.020801
0 0.475841 0.607396 0.035102 0.049923
0 0.829202 0.695802 0.339320 0.368182