0 0.337118 0.531937 0.039023 0.061875
0 0.402508 0.488812 0.028477 0.024375
0 0.282801 0.550687 0.080156 0.114375
0 0.561766 0.509437 0.013711 0.050625
0 0.594989 0.506625 0.063281 0.112500
0 0.607645 0.518812 0.037969 0.103125
0 0.679364 0.517875 0.141328 0.202500
0 0.751465 0.589687 0.205664 0.275625
0 0.521015 0.479062 0.023203 0.035625
0 0.496230 0.476250 0.020039 0.037500
0 0.470918 0.486562 0.024258 0.039375
0 0.500976 0.510937 0.042187 0.054375
0 0.552129 0.471562 0.011602 0.020625
0 0.395261 0.612707 0.202007 0.250414
0 0.131309 0.640312 0.262617 0.241875
0 0.890566 0.702676 0.214101 0.459375
0 0.327480 0.495000 0.030586 0.033750