0 0.375788 0.327535 0.016572 0.017330
0 0.352880 0.327535 0.021446 0.020796
0 0.309014 0.333601 0.025345 0.043325
0 0.287568 0.322336 0.021446 0.031194
0 0.265635 0.334467 0.036068 0.045058
2 0.190088 0.327535 0.048740 0.055456
0 0.058488 0.343132 0.116977 0.110911
0 0.525421 0.359596 0.040942 0.039859
0 0.550766 0.358729 0.015597 0.020796
0 0.533220 0.410719 0.035093 0.093582
0 0.569288 0.415918 0.066287 0.159435
0 0.890000 0.443646 0.081884 0.117843
0 0.440613 0.450578 0.173516 0.284211
2 0.713559 0.450578 0.282694 0.360462
0 0.945076 0.481772 0.108204 0.155969
0 0.960673 0.682799 0.077010 0.291143