0 0.046995 0.546324 0.093607 0.097962
0 0.147948 0.533518 0.044174 0.052355
0 0.188967 0.530402 0.037864 0.056094
0 0.221046 0.534453 0.043122 0.050485
0 0.271531 0.528844 0.064158 0.050485
0 0.375130 0.550347 0.061002 0.086011
1 0.438236 0.512950 0.149351 0.100970
0 0.494753 0.536635 0.077274 0.056094
0 0.546011 0.525416 0.029449 0.048615
0 0.574935 0.528220 0.062054 0.050485
0 0.633308 0.524481 0.056795 0.050485
0 0.686948 0.525416 0.048381 0.044875
0 0.723234 0.517937 0.026294 0.037396
0 0.746373 0.512327 0.026294 0.044875
0 0.782659 0.507156 0.021035 0.029040
0 0.809526 0.499180 0.034708 0.035526