0 0.421073 0.474797 0.014692 0.013059
0 0.446325 0.471532 0.008264 0.013059
0 0.423369 0.489489 0.015610 0.016324
0 0.458721 0.480510 0.007346 0.011427
0 0.449079 0.492754 0.017446 0.022854
0 0.467903 0.491121 0.014692 0.019589
0 0.461475 0.505813 0.020201 0.022854
0 0.437602 0.501732 0.034893 0.027751
0 0.404545 0.499866 0.023874 0.037545
0 0.503714 0.534380 0.055094 0.079988
0 0.533556 0.562947 0.068867 0.088150
0 0.316548 0.511106 0.058767 0.060399
0 0.373019 0.519921 0.046830 0.070193
0 0.312875 0.557467 0.075295 0.089782
0 0.440050 0.569710 0.083559 0.114268
0 0.036321 0.555681 0.071622 0.344438
0 0.933889 0.621794 0.129470 0.114268